
model path: model/haarcascade_frontalface_default.xml
image dir: archive/pos_images/val/
annotations: archive/yolo_labels/val/

[[303 504  46  46]]
()
[[253 267  60  60]
 [456 262 294 294]]
[[494 443  58  58]]
()
[[675 175 122 122]
 [229 234 141 141]
 [302 394  92  92]
 [402 269 163 163]]
[[327 322  40  40]]
[[484 108 143 143]]
[[ 83  98 118 118]]
()
[[406 386 157 157]
 [201 434 132 132]
 [ 54 646  83  83]
 [214 684 103 103]]
()
[[145 206 613 613]]
[[744 313  76  76]
 [412 157 120 120]
 [ 76 321  68  68]
 [ 39 423  62  62]
 [169 437  73  73]
 [806 376  75  75]
 [743 477  69  69]
 [934 551  76  76]
 [124 484  72  72]
 [699 413  71  71]
 [438 446 163 163]]
[[308 256  49  49]
 [765 200  57  57]
 [548 208  49  49]
 [645 234  59  59]
 [221 245  48  48]
 [ 85 259  54  54]
 [484 248  52  52]
 [182 456  63  63]]
[[174 292  44  44]
 [347 296  46  46]]
[[846   2  74  74]
 [890 318 106 106]
 [486 470 144 144]]
[[483 153 126 126]
 [223  98 125 125]
 [777  50 119 119]
 [ 65 127 133 133]]
[[533 634  70  70]]
()
[[224 196  44  44]
 [212  83 129 129]
 [ 12 396  89  89]]
[[179 160 200 200]]
[[497  41 128 128]
 [470 131 143 143]
 [328 161 133 133]
 [458 195 191 191]
 [298 647  52  52]]
[[318  95 342 342]
 [484 631  46  46]]
[[106  95 174 174]]
[[498 486 296 296]
 [298 103  90  90]]
()
[[318 196 342 342]]
[[384 186 228 228]
 [806 711  48  48]]
[[164 350  55  55]]
[[297 355  87  87]
 [153 554  90  90]
 [413 560 121 121]]
()
[[ 28 176 372 372]]
[[334 328  46  46]
 [331 131  64  64]
 [ 84 130  69  69]
 [498 136  68  68]
 [892 193  68  68]
 [719 171  67  67]
 [195 153  80  80]
 [584 153  82  82]]
[[378 231 182 182]]
[[798 251  52  52]
 [743 261  67  67]
 [603 112  92  92]
 [964 488  56  56]]
[[332 134 183 183]
 [ 88 965  51  51]]
[[822 376 108 108]
 [239 415  97  97]
 [700 427 103 103]]
[[134 165 280 280]]
[[178 710 210 210]]
()
[[ 70 266 515 515]
 [251 753 211 211]]
[[288  57 458 458]]
()
[[309 384 167 167]]
[[850 145  59  59]
 [ 33 374  57  57]
 [392 170 309 309]]
()
[[512  30 241 241]
 [335 161 204 204]]
[[116 152 128 128]
 [696 125 106 106]
 [443 205 101 101]]
[[448 346  59  59]]
[[360 163 123 123]
 [ 56 136 140 140]]
[[497 179 182 182]
 [349 194 214 214]]
()
[[409 208 151 151]
 [343 476  55  55]
 [645 480  66  66]]
()
[[707  62 202 202]
 [148 180 340 340]
 [203 466 208 208]]
[[340 122 216 216]
 [615 387 158 158]]
[[509  88 369 369]
 [154 124 381 381]]
[[544 111 229 229]]
()
[[485 137 441 441]
 [ 90 282 382 382]]
[[470 112  45  45]
 [ 57 169  55  55]
 [563 226  97  97]
 [867 202 107 107]
 [ 15 361  73  73]]
[[111 158 218 218]
 [648 250  77  77]
 [311 216  81  81]
 [808 270 100 100]
 [145 246  81  81]
 [461 246  81  81]]
[[107 162  74  74]
 [567 150  81  81]
 [747  77  76  76]
 [341  76  76  76]
 [645 298  75  75]
 [587 459  69  69]]
[[587 439  56  56]]
()
[[411 137  76  76]
 [745  62  90  90]
 [501 157  78  78]
 [894 437  44  44]]
[[253 194  38  38]
 [676 141  65  65]]
[[485 173  68  68]
 [568  92  89  89]]
[[666  88 158 158]
 [287 111 186 186]]
[[803  89  80  80]
 [127 125 101 101]
 [841  10 132 132]
 [920 453  70  70]]
[[587 244  70  70]
 [404 215 127 127]
 [527 235 112 112]]
()
[[250 146 401 401]]
[[519  53  53  53]]
[[329 171 163 163]
 [212 222 167 167]]
[[292 147  54  54]
 [440  72  78  78]
 [204 316  90  90]
 [264 277  96  96]
 [230 105  74  74]
 [506 134  89  89]
 [545 304  97  97]]
[[473 182 131 131]
 [544 361 185 185]]
[[393 264 231 231]
 [  3 791  56  56]]
[[294 518  51  51]
 [245 198 160 160]
 [252 770 159 159]]
[[378 172 244 244]
 [463 529  78  78]]
[[152 349  59  59]
 [205 607  62  62]
 [300 535 160 160]]
[[390 235  59  59]
 [654 317  68  68]
 [620 276  76  76]
 [467 318  79  79]]
[[368 251  92  92]
 [517 551  70  70]
 [366 581  57  57]]
[[756 670  56  56]]
[[653 133  68  68]
 [426 528 109 109]]
[[199 183 475 475]]
[[533 341  49  49]]
[[420 247  51  51]]
[[340 177  59  59]
 [916 396  71  71]]
[[183 290  58  58]]
[[171  84 362 362]]
[[515 147 119 119]
 [164 186 137 137]
 [784 106 134 134]
 [178 641  52  52]]
[[214 278  52  52]
 [265 470 242 242]]
[[436 278 105 105]
 [880 237 109 109]
 [137 156  90  90]]
()
[[530 259 158 158]]
[[ 12 154 760 760]
 [304 485 179 179]]
[[530 262 156 156]]
[[482 247 109 109]]
[[132 216 339 339]]
[[369 307  55  55]
 [140 310  49  49]
 [508 348  45  45]
 [811 332  48  48]
 [453 428  51  51]
 [355 428  52  52]
 [764 433  51  51]
 [183 412  53  53]
 [580 424  55  55]]
[[183 157  60  60]
 [355 152  61  61]
 [471 152  66  66]
 [586 199  59  59]
 [731 190  65  65]
 [435 294  65  65]
 [105 187  61  61]
 [610 332  73  73]
 [801 369  71  71]
 [273 304  75  75]
 [448 460  64  64]
 [441 419  87  87]]
()
[[170 164 175 175]]
()
[[582 113 117 117]
 [259  83 183 183]]
[[527 215  46  46]
 [ 69 264  81  81]
 [895 102 100 100]]
[[200 323 247 247]]
[[  3 228  37  37]
 [568 114  42  42]]
[[796 216 114 114]
 [143 614  52  52]
 [777 299 138 138]]
[[131 208  97  97]
 [762 213  96  96]
 [583 284  79  79]
 [308 234  91  91]
 [454 270  92  92]
 [394 538  87  87]]
[[482 554  66  66]
 [482 578  68  68]
 [181 135 166 166]]
[[422 177 181 181]]
()
[[540 207  71  71]
 [607 261  58  58]
 [219 232  76  76]
 [894 318  58  58]
 [474 174  78  78]
 [649 294  73  73]
 [655 156  85  85]
 [454 287 140 140]
 [398 210  84  84]
 [163 318 327 327]
 [499 481  96  96]]
()
()
[[777 103 153 153]]
[[243 145 124 124]
 [703 258  95  95]]
()
[[207 165  64  64]
 [344 667  69  69]
 [  2 701  84  84]]
[[419 118 236 236]
 [313 187 204 204]]
[[ 20 256  82  82]
 [623 168 116 116]
 [  8 321  81  81]
 [ 94 308 109 109]
 [246 200  90  90]]
()
[[594 439  39  39]
 [228 504  56  56]
 [824 337  77  77]]
[[256 249  49  49]
 [113 280  58  58]
 [ 21 193  57  57]
 [ 33 380  51  51]
 [186 339  63  63]
 [117 567  54  54]
 [113 380 178 178]]
[[261  84 176 176]]
[[698  56  57  57]
 [ 71  68  57  57]
 [249  68  56  56]
 [883  84  57  57]
 [472  81  54  54]]
[[ 74 335 285 285]]
[[171 283  51  51]
 [770 247  44  44]
 [942 285  58  58]
 [941 319  72  72]
 [601 353 203 203]
 [380 270  64  64]]
[[880 662  62  62]]
[[741 219  46  46]]
()
()
()
[[ 28 587  50  50]]
()
[[731 113  82  82]
 [464  73 103 103]
 [769 400  53  53]]
[[551  94 171 171]
 [318 206 166 166]]
[[659 144  54  54]
 [551 152  53  53]
 [757 174  55  55]
 [143 127  60  60]
 [854 137  60  60]
 [237 157  54  54]
 [401 142  59  59]]
[[389 170 198 198]]
[[551 218  91  91]
 [413 408 109 109]]
[[138 409  61  61]
 [333 625  76  76]
 [461 403  72  72]]
()
[[793  41  59  59]
 [437 191 120 120]
 [792 443  82  82]
 [146 538 105 105]]
[[547  32  55  55]
 [590 114 204 204]
 [159  64 228 228]
 [373 182 144 144]
 [ 33  33 127 127]]
[[284 168 214 214]
 [490 201 193 193]]
[[389 199 136 136]
 [593 331  92  92]]
[[284 105  56  56]
 [219 104  60  60]
 [ 57 587  50  50]
 [ 62 606  59  59]
 [313 474  99  99]]
[[486 205  58  58]
 [300  13  74  74]]
[[400 209 232 232]]
[[226 194 160 160]]
[[337 217  78  78]
 [292 184  53  53]
 [453 227  65  65]
 [333 253  99  99]
 [501 319 121 121]]
()
[[ 72 206 527 527]]
[[142 162  63  63]
 [471 643  74  74]
 [234 129 275 275]]
()
[[147 353 295 295]]
[[ 50 438  43  43]
 [497 606 207 207]
 [113 414 141 141]]
[[227 393  62  62]
 [230 197  95  95]
 [107 251 304 304]]
[[318 692 223 223]]
()
[[365 145  37  37]
 [543 172  36  36]
 [901 136  52  52]
 [710 150  45  45]
 [455 155  38  38]
 [485 156  39  39]
 [674 182  38  38]
 [292 163  43  43]
 [406 183  44  44]
 [197 161  49  49]
 [237 166  45  45]
 [334 180  40  40]
 [596 309  53  53]
 [234 352  57  57]
 [823 164  50  50]
 [350 320  55  55]
 [763 158  51  51]
 [700 323  55  55]
 [ 78 163  52  52]]
[[348 680  58  58]]
[[430  13  34  34]
 [281 209  59  59]
 [579 272  65  65]
 [412 179  62  62]
 [145 180  61  61]]
[[697 290  34  34]
 [426 296  33  33]
 [ 39 321  35  35]
 [880 278  37  37]
 [842 336  36  36]
 [700 362  38  38]
 [948 318  51  51]
 [755 391  45  45]
 [869 374  51  51]
 [ 12 370  45  45]
 [562 326  63  63]
 [398 353  59  59]
 [273 249 100 100]]
[[519  73  79  79]
 [188 120 301 301]
 [448  58 320 320]
 [574 550  58  58]
 [777 499 160 160]
 [602 539 130 130]]
[[408 512  38  38]
 [640 440  61  61]]
[[314 178 268 268]]
[[329 123 395 395]]
()
[[417 186  92  92]
 [653 189  98  98]]
[[585 326 236 236]]
[[912 259  40  40]
 [679 243  44  44]
 [ 24 228  51  51]
 [  7 410  56  56]
 [446 408  68  68]]
[[369 176 290 290]]
[[582 307 278 278]
 [ 50 604  97  97]]
[[155 138 119 119]
 [674 159 120 120]
 [140 425  52  52]]
()
[[481 296 112 112]
 [568 311 103 103]]
[[492 263  59  59]]
()
()
[[665  75  60  60]
 [370  31  62  62]]
[[100  54 115 115]]
()
()
[[321 730 156 156]]
[[558 308  62  62]
 [628 211 206 206]]
[[105 143 135 135]]
[[738 189 134 134]
 [628 198  87  87]
 [499 210 124 124]
 [357 398 144 144]
 [402 234  88  88]
 [214 462 190 190]
 [262 237 137 137]]
[[389  81  44  44]
 [781 164  40  40]
 [244 196  55  55]
 [224 223  69  69]]
[[651 260  86  86]
 [784 505  54  54]
 [770 524  63  63]]
[[141 288 240 240]
 [161 116 124 124]]
[[659  92 137 137]
 [867 264  99  99]]
()
()
[[ 50 181 403 403]]
[[350 368  37  37]
 [ 75 330  59  59]]
()
()
[[528 512  75  75]]
[[298 223  79  79]]
[[382 478  82  82]
 [331 119 219 219]]
[[610 103 359 359]
 [138 171 407 407]]
[[623 122  63  63]
 [565 178  84  84]
 [396 158  82  82]
 [475 190  69  69]
 [485 296  79  79]
 [568 339  92  92]
 [837 278  99  99]]
()
[[743 206  89  89]]
[[393  63 235 235]
 [628 465  51  51]]
[[800  62  66  66]
 [199  79  62  62]]
()
[[376  72 287 287]
 [682 201 265 265]]
[[492  93 143 143]
 [308 116 105 105]
 [235 399  47  47]
 [687 128 107 107]]
()
[[487 152  64  64]
 [310 154  68  68]
 [716 160  63  63]
 [201 157  69  69]
 [814 217  62  62]
 [484 222  61  61]
 [398 178  71  71]
 [579 171  62  62]
 [ 98 170  72  72]]
()
[[284 135  59  59]
 [374 124  74  74]
 [492 232  58  58]
 [363 552  61  61]]
[[870 118  50  50]]
[[576 109 231 231]
 [266 138 208 208]]
[[472 299  44  44]]
[[198 389 239 239]]
[[370 128 109 109]
 [536 176 103 103]]
[[562 146  33  33]
 [978 292  44  44]
 [455 117 109 109]
 [201 205 135 135]
 [410 542  76  76]]
[[280 532  55  55]
 [409 639 126 126]
 [ 36 472 257 257]]
[[898  16  66  66]
 [628 332  54  54]
 [571 338  76  76]
 [371 519  80  80]]
[[534 143 210 210]
 [704 424  59  59]]
[[258 191 144 144]
 [531  71 137 137]]
[[452 158 173 173]
 [366 302 151 151]
 [555 290 149 149]]
[[474  65 100 100]
 [101 159  93  93]
 [383  33 338 338]]
[[422 299 141 141]]
[[631 220 146 146]
 [311 235 148 148]
 [530 321 420 420]]
[[638  41  52  52]
 [ 14 247  53  53]
 [160 220  59  59]]
[[545 152 154 154]]
[[657  87 113 113]]
[[468  66 142 142]
 [731 512 121 121]]
[[254 360 152 152]
 [438 390 106 106]]
()
[[161 691  56  56]
 [392 460  65  65]
 [264 546  65  65]
 [157 639  68  68]]
[[286  81 103 103]]
[[394  68 210 210]]
[[297 656 147 147]]
()
[[513 174  58  58]
 [845 180  69  69]]
()
[[772 281  57  57]
 [370 131 238 238]]
[[213 330 218 218]]
[[307 183 179 179]]
[[219 194 263 263]]
[[316  91  91  91]
 [104 164  87  87]
 [319 165  76  76]
 [603 149  98  98]
 [280 628  54  54]]
[[ 26 323  64  64]
 [424  30  65  65]]
[[830 168  94  94]
 [111 108 214 214]]
[[583 155  54  54]
 [109 285  58  58]]
[[166 311 156 156]]
[[586 511  51  51]]
[[291  48 104 104]
 [291 225 249 249]]
[[496 224  60  60]
 [369 310  37  37]
 [247 409  42  42]
 [143 278  78  78]]
()
[[120 256  59  59]
 [813 227  66  66]
 [488 221  76  76]
 [318 181  68  68]
 [424 396  56  56]
 [228 166 269 269]
 [239 619  72  72]
 [786 504  75  75]]
[[284 115 160 160]]
[[459 332  65  65]]
[[786 375  53  53]
 [855 221  57  57]
 [691 233 105 105]
 [ 71 218 120 120]]
[[232 296  63  63]
 [696 589  71  71]
 [581 260  92  92]
 [ 83 392  98  98]
 [355 867  87  87]
 [398 686  94  94]]
[[334 107 642 642]
 [202 647 159 159]]
[[172 215 202 202]
 [331 863  61  61]]
()
[[440 326 115 115]]
[[421 369  67  67]
 [150 306  70  70]
 [181 450  75  75]
 [578 336  72  72]
 [317 246  67  67]
 [279 446  76  76]]
()
()
[[877 183  61  61]]
[[397 119  87  87]
 [587 102  89  89]
 [747  76 115 115]
 [187  93 110 110]
 [134 415  63  63]]
[[254 282 323 323]]
[[367  70  66  66]]
[[553  63 218 218]]
[[454 283  87  87]]
()
[[876 149  72  72]
 [319 231  86  86]
 [591 134 203 203]]
[[209 260 156 156]]
[[538 442  96  96]]
[[466  92 222 222]]
[[331 428  64  64]]
[[ 52 210 124 124]
 [241 333  59  59]
 [172 327  70  70]
 [803 304 109 109]
 [581 414  97  97]]
[[ 10 536  53  53]
 [244 289  81  81]
 [122 416 444 444]
 [554 535  94  94]
 [349 258  88  88]
 [499 960  54  54]]
[[267  68 105 105]]
[[469 172 245 245]
 [904 708  82  82]]
[[242 557  64  64]
 [160 554  87  87]]
()
()
[[669 239  55  55]
 [ 84 574 237 237]
 [349 114 155 155]]
[[225 201  65  65]]
[[200 253 172 172]
 [581 252 182 182]]
()
[[644  88 110 110]
 [160 547  82  82]]
()
()
[[736 272  59  59]
 [307 225  61  61]
 [ 80  94  98  98]
 [848 107  94  94]
 [268 110  98  98]
 [701 150  85  85]]
[[384 256  47  47]
 [673 296  57  57]
 [192 252  48  48]
 [470 313  57  57]
 [901 266  73  73]]
[[742 141  66  66]]
[[542 155  68  68]
 [526  60  99  99]
 [ 16 342  70  70]]
()
()
[[  4 223  36  36]
 [257 141 116 116]
 [459  95 113 113]
 [633  93 126 126]
 [ 84 506  58  58]]
[[404  52 159 159]
 [578 152 156 156]]
[[511 464  39  39]
 [336  83  84  84]
 [160 570  70  70]]
[[480 444 145 145]]
[[348  97  49  49]
 [202 143  57  57]]
()
()
[[708 147 177 177]
 [446 220 123 123]
 [749 575  78  78]]
()
()
[[722 162 164 164]
 [167 202 167 167]
 [725 415  55  55]]
[[988 478  34  34]]
()
[[  1 279  54  54]
 [115 264  75  75]
 [203 269 130 130]
 [ 52 458  40  40]]
[[717  90  59  59]
 [793 179  78  78]]
[[231 121  60  60]
 [312 556 141 141]]
[[232  71 182 182]
 [530 313 120 120]]
()
()
[[288 196 115 115]]
[[ 98 237  57  57]
 [ 96 356 223 223]
 [563  73 120 120]
 [384 459 161 161]]
()
[[547 226 104 104]]
[[233 234 193 193]
 [424 442 184 184]]
[[459 134  89  89]]
[[565 208  65  65]
 [ 64 322  55  55]
 [277 172 206 206]
 [ 20 411  36  36]]
()
[[688 115 179 179]]
()
[[ 36 248  53  53]
 [884 249  87  87]]
[[336  55  41  41]
 [890  21  37  37]
 [667 112  51  51]
 [460  59  51  51]
 [816  61  44  44]
 [171  64  58  58]
 [697  82  75  75]
 [281 194  84  84]
 [922  81  80  80]
 [683 218 108 108]
 [481 164 105 105]
 [ 86 532  67  67]
 [634 384 131 131]]
()
[[259 208  67  67]
 [645 189  72  72]
 [333 239  77  77]
 [771 164  90  90]
 [193 334  80  80]
 [633 289 109 109]
 [749 297  94  94]]
[[141 135  68  68]]
[[699  37 100 100]
 [462 361  40  40]
 [918 346  47  47]
 [904 452  55  55]
 [838 519  72  72]]
[[572 558 101 101]
 [205 244 222 222]]
()
[[297 437  55  55]
 [ 57 261  72  72]]
[[276 355  58  58]
 [641 360  78  78]]
[[ 25 117  47  47]
 [555 319 119 119]]
[[325 110 373 373]]
[[183 393 219 219]
 [559 463 232 232]
 [217 677  53  53]
 [391 715  63  63]
 [377 813  72  72]]
()
[[450  78 147 147]
 [647 155 183 183]
 [322 194 153 153]
 [346 486  62  62]]
[[610 496 101 101]]
[[718 163 163 163]
 [ 81 411  90  90]]
[[451  95 105 105]
 [819  24 110 110]]
[[483 240 168 168]]
[[351  26 197 197]
 [543 413 129 129]]
[[562  74  56  56]
 [303  79  59  59]
 [ 86 121  67  67]]
[[476 158 104 104]
 [  3 315  89  89]]
()
[[538 572  73  73]]
[[267 238  89  89]]
()
()
[[286 452 113 113]]
[[124  62 130 130]
 [616  76 135 135]
 [376 230 122 122]
 [355 122 145 145]]
[[758 576  61  61]]
()
[[448  50 158 158]
 [594  47 153 153]]
[[717 341 144 144]
 [369 531  62  62]
 [354 829  66  66]
 [595 848  55  55]
 [ 66 886 102 102]]
[[186  82 173 173]]
[[ 86 603  58  58]
 [272 245 174 174]]
()
[[210  79 207 207]]
[[257 253 238 238]
 [ 13 937  58  58]
 [ 57 906 109 109]]
()
()
[[ 99 211 133 133]]
[[212 117 383 383]]
[[803   6  39  39]
 [610  98  95  95]
 [304 207  93  93]
 [376 162  92  92]
 [166 223 126 126]
 [467 194  92  92]
 [751 173 112 112]
 [647 444  79  79]]
[[268 163  63  63]
 [274 210  49  49]
 [423 189  61  61]
 [648 320  38  38]
 [ 80 417  61  61]
 [323 329  61  61]
 [ 76 363  71  71]
 [521 308  71  71]
 [392 519  65  65]
 [733 409  67  67]
 [875 339  91  91]]
[[364 137 253 253]]
[[211 223 214 214]]
()
[[267 182 400 400]
 [833 511  78  78]]
[[735 267 176 176]]
()
[[462 130 167 167]
 [257 171 157 157]
 [299 464  59  59]
 [306 437 118 118]]
()
[[264 198 584 584]]
[[490 178 267 267]]
[[381 599  98  98]]
[[876 220  54  54]
 [491  99 122 122]
 [328 210 103 103]]
()
()
[[396 144 275 275]]
[[412  54  73  73]
 [284  98  64  64]
 [613 129  71  71]
 [715 159  83  83]
 [518  98  99  99]]
[[858 271  52  52]]
[[302  58 210 210]
 [501 218 143 143]
 [313 356  52  52]]
()
[[186 781 106 106]]
()
[[220 100 228 228]]
[[947 207  58  58]
 [456 341  65  65]
 [144 123 247 247]]
[[388 108 302 302]
 [368  40 514 514]]
[[586 126 169 169]]
()
[[522 204  92  92]
 [232  73 134 134]
 [757 560 116 116]]
[[288 350 299 299]]
()
()
[[587 132 193 193]]
[[941 269  59  59]]
[[574 312 193 193]]
[[187 511  68  68]]
[[666 146 284 284]]
[[367 208 215 215]]
[[200 186  90  90]
 [191 354  52  52]]
[[588 220  35  35]
 [886 135  57  57]
 [ 26  46  84  84]
 [552 153  81  81]]
()
[[ 54 327 346 346]]
[[315 199  71  71]
 [429 256  72  72]
 [567  90  87  87]
 [683 222  75  75]]
[[480 113 104 104]
 [852 175  86  86]]
[[125 324  62  62]
 [309 177 155 155]]
[[668 195  35  35]
 [701 101 115 115]
 [502 143 103 103]
 [155 115 143 143]
 [247 193  84  84]
 [339 172 105 105]]
[[235 292 138 138]]
[[526  79 122 122]
 [124 271 130 130]
 [621  92 126 126]
 [408  74 146 146]
 [282 124 157 157]]
[[192 308 107 107]]
[[116 473  80  80]
 [402 244  66  66]
 [265 249  75  75]
 [191 485 109 109]
 [393 185  72  72]
 [247 170  90  90]
 [382 640 111 111]]
[[210 274  87  87]
 [632 428 113 113]]
()
()
[[259 178 284 284]]
[[891 480  79  79]
 [306 635 166 166]]
[[386 139  79  79]
 [308 108  71  71]]
[[207 161 174 174]]
[[431 256 219 219]]
[[457 318 119 119]
 [611 343 107 107]
 [352 340 101 101]]
[[400 192 147 147]]
()
()
()
[[319 239 166 166]]
()
[[680 256 111 111]
 [112 148 234 234]]
[[424 301 132 132]]
[[404   6 249 249]
 [239  78 144 144]
 [ 22 394 112 112]]
()
[[461 343  68  68]
 [371 406  86  86]]
()
[[721 627  59  59]]
[[ 26 157 101 101]
 [561 319  62  62]
 [385 171 126 126]
 [472 202 103 103]
 [518 201 136 136]
 [ 49 493  65  65]]
()
[[255 270 117 117]]
[[764 131 215 215]
 [ 34 285  96  96]]
()
[[165  82 534 534]]
[[363  89  82  82]
 [454 127 154 154]
 [111 174 124 124]
 [675 153 170 170]
 [532   4  58  58]]
[[716 234  94  94]
 [602 255  87  87]
 [548 161  79  79]
 [589 357 106 106]
 [336 386  55  55]
 [924 389  58  58]
 [330 512  79  79]]
[[781 407  53  53]]
[[18  3 66 66]]
()
[[182 259 192 192]
 [554 152 173 173]
 [483 591  90  90]]
[[ 64 351 123 123]
 [250 132 391 391]]
[[411 218 127 127]
 [548  97 116 116]]
[[914  18  73  73]
 [384 156  86  86]
 [505 148  98  98]
 [654 359  99  99]]
[[663 238  43  43]
 [771 302  67  67]]
[[521 174  83  83]
 [357 171  85  85]
 [229 195  86  86]
 [646 193  78  78]]
[[682 288  39  39]
 [270 295  44  44]
 [397 305  36  36]
 [137 305  41  41]]
()
[[520 691  82  82]
 [317 177 159 159]
 [174 184 181 181]]
()
[[ 56 318  37  37]
 [640 119  56  56]
 [371 217  55  55]
 [522 283  58  58]
 [271 238  70  70]]
()
[[475 173 121 121]]
()
[[348 377  53  53]
 [372 411  62  62]
 [434 494  56  56]]
[[242 645  57  57]
 [ 11 356  82  82]
 [106  92 158 158]]
[[ 72 659  87  87]
 [ 82 785 112 112]]
[[181 221 270 270]]
[[356 244  38  38]]
[[324 222  53  53]
 [618 224  52  52]
 [582 342 136 136]]
[[146 254  62  62]
 [672 140  64  64]]
()
[[277 138 449 449]]
[[302 196 348 348]]
()
[[599 328  44  44]
 [666  41 258 258]]
[[455 323  88  88]]
[[620 191  52  52]
 [563 496  76  76]]
[[489 448  65  65]
 [169 763  64  64]]
[[283 227 158 158]]
()
[[434 187  92  92]]
[[230 110 276 276]]
[[451 265 133 133]
 [496 412 118 118]]
[[278 728  45  45]]
()
[[286 131  87  87]]
[[411 222  65  65]
 [298 118  56  56]
 [603 210  69  69]
 [142 248  64  64]
 [543 426 132 132]]
[[871 306  62  62]
 [463 134 157 157]]
[[116  44 111 111]
 [351 525  94  94]]
()
()
[[725  70  71  71]
 [482 176 146 146]]
[[190 847  77  77]]
()
()
[[280 377  66  66]
 [ 34 459  54  54]]
[[429 321 118 118]]
[[413 379 241 241]]
[[502 286 119 119]]
[[509 271  43  43]
 [801 266 103 103]
 [570 256 157 157]]
[[336 781  75  75]]
()
()
()
[[510 324  96  96]
 [184 494 144 144]]
[[376 374  83  83]]
[[631  67 207 207]
 [413 208 133 133]
 [515 153 100 100]]
[[367  54  80  80]
 [296 459  52  52]]
[[264 115 130 130]
 [546 124 168 168]
 [240 163 120 120]
 [483 354 120 120]]
[[534 367 191 191]]
()
[[344 293 229 229]
 [480  63 205 205]
 [ 18 174 246 246]]
()
[[837 305  52  52]
 [729 421  67  67]]
[[ 54 198 155 155]
 [317 242 146 146]
 [789 238 150 150]
 [197 367  60  60]
 [501 350 150 150]]
[[601 212  63  63]]
()
()
[[456 284 132 132]]
[[347 123 376 376]]
[[684 138  53  53]
 [294 112  55  55]
 [405  92  54  54]
 [595 113  55  55]
 [514 151  44  44]
 [766 134  57  57]
 [184 120  59  59]
 [871  98  68  68]
 [725 293  37  37]
 [ 83 126  62  62]
 [242 457  52  52]
 [239 407  51  51]
 [471 465  66  66]
 [465 382  57  57]]
()
()
[[882 189  55  55]
 [397 108  75  75]
 [672 185  93  93]
 [794 140  84  84]]
[[129 630  60  60]
 [ 16 615  88  88]
 [348 757  85  85]]
()
()
[[381 344 382 382]
 [227 814  56  56]]
()
[[625  62 181 181]]
[[671 515 134 134]]
()
[[365  83 104 104]
 [517 205 130 130]
 [138 446  70  70]]
[[512 354  98  98]]
()
[[493 123 366 366]
 [310 284 138 138]]
[[172 445  69  69]
 [232 496  97  97]
 [389 395 104 104]]
[[  5 437  75  75]]
[[550 148  91  91]
 [719 228  91  91]]
[[ 62 235 344 344]
 [257 339 280 280]]
[[443  30 515 515]]
[[291 231 479 479]]
[[219 341 403 403]]
()
[[234 226 247 247]]
[[178 124 164 164]
 [823  39  66  66]]
[[564  52  59  59]
 [545 129  76  76]
 [317 195  75  75]
 [620 230  80  80]
 [216 504  85  85]
 [596 787  63  63]]
[[418 355  62  62]
 [316 354 133 133]]
[[269 207  46  46]
 [581 235  40  40]
 [158 160  54  54]
 [201 225  49  49]
 [750 192  48  48]
 [325 216  44  44]
 [635 217  49  49]
 [861 190  52  52]
 [478 170  50  50]
 [386 252  46  46]
 [709 252  55  55]
 [313 429  48  48]
 [317 520  38  38]
 [774 440  55  55]
 [188 334  95  95]
 [885 497  64  64]]
[[318 645  44  44]
 [302  96 131 131]]
[[307 144  57  57]
 [733 374  53  53]]
[[863 154 101 101]
 [199  65 135 135]]
[[419 276 150 150]
 [751 292 145 145]
 [637 364 148 148]
 [106 284 229 229]]
[[242 296 259 259]
 [692 698  65  65]]
[[164 372  57  57]
 [494 397  53  53]
 [713 394  56  56]
 [376 433  55  55]
 [928 435  58  58]
 [252 435  58  58]
 [792 425  53  53]
 [618 410  60  60]]
[[416 141  52  52]
 [612 161  63  63]
 [ 84 535  64  64]]
[[204 155 211 211]
 [156 731  59  59]]
()
[[410 137  96  96]]
[[229  94 400 400]
 [119 393  89  89]]
[[338 449 105 105]]
[[147 212 287 287]]
[[402 116 231 231]]
[[261 417 116 116]]
[[355 594  58  58]]
[[262  93  98  98]
 [561 291 113 113]]
()
[[362 184 134 134]
 [497 205 142 142]]
[[504 201  50  50]
 [255 283  59  59]
 [793 215  60  60]]
[[313  81 122 122]
 [272 650  57  57]]
[[630  50 146 146]
 [476 167 102 102]
 [354 234 105 105]]
()
[[359 177  56  56]
 [589 163  73  73]
 [765 266 102 102]
 [ 58 157 175 175]
 [185 457 124 124]]
[[396  99 123 123]
 [802 247  59  59]
 [220 142 144 144]]
[[189 382  83  83]]
[[558  70 129 129]
 [544 104 162 162]]
[[333 104 374 374]]
[[546 117 291 291]
 [331 237 285 285]]
[[ 99 604  77  77]
 [190 344 243 243]]
[[396 245 140 140]
 [256 260 158 158]]
[[141 178  42  42]
 [259  67 129 129]
 [515 157 106 106]
 [730  93 134 134]]
[[672 188 136 136]]
[[359 424 104 104]]
()
[[165 155 207 207]]
[[158  98  52  52]
 [ 97 695  72  72]
 [298 253 189 189]]
()
[[206 227  85  85]
 [759 611  52  52]]
[[  1 152  57  57]
 [245 155  80  80]
 [763 203  95  95]
 [547 169  80  80]]
()
[[324 262  60  60]
 [ 87 234  73  73]
 [684 300 118 118]
 [393 221 160 160]]
[[433 102 164 164]
 [684 209 160 160]
 [119 340 153 153]]
[[674  84  65  65]
 [501 409  65  65]]
[[241 430  87  87]
 [185 416 167 167]]
()
[[818 369  67  67]
 [622 172 147 147]]
[[602 146  64  64]
 [321 175  64  64]
 [ 19 127 221 221]
 [220 244 196 196]]
()
[[498 348  60  60]]
[[495 142  60  60]]
()
[[537  93 182 182]]
()
[[102 555  44  44]
 [372 379 234 234]
 [ 69 181 197 197]]
[[476 140  54  54]
 [269 226 182 182]]
[[753 321  66  66]
 [326 143 320 320]]
[[538 422  54  54]]
[[579 120 137 137]
 [261 163 125 125]]
[[298 152 211 211]
 [517 312 193 193]]
[[522 192 169 169]]
()
[[514 227  73  73]
 [417 187  81  81]]
[[ 51 111  60  60]
 [200  93 236 236]]
[[894 158  64  64]
 [893  24 113 113]
 [193 574  59  59]]
[[344 240  92  92]
 [706 521  40  40]
 [781 609  54  54]]
[[239  79 262 262]]
[[479 234 134 134]]
[[188  98 139 139]
 [ 76 209  53  53]
 [666 116 188 188]]
[[287 283  58  58]
 [665 143  51  51]
 [439 326  58  58]
 [774  75  90  90]
 [ 48  85  97  97]
 [200  88  97  97]
 [554  85  85  85]
 [572 702 144 144]]
[[475  86 106 106]]
()
()
[[ 76 434  82  82]
 [337 314 268 268]
 [526 691  57  57]]
()
[[302 139 106 106]]
[[313 136 247 247]]
[[207 288 226 226]]
[[228 130 411 411]]
()
()
[[158  63 303 303]
 [353 391 123 123]]
()
[[609 201  53  53]
 [689 235  52  52]
 [167 148 154 154]
 [236 420 119 119]]
[[530  50 139 139]]
[[641 201  75  75]
 [224 257  84  84]
 [428 289  87  87]
 [495 420 116 116]]
()
[[260 446 109 109]
 [ 96 797 206 206]]
()
[[563 297 202 202]]
[[665 269  62  62]
 [129 366  57  57]
 [754 203  80  80]]
()
[[333  73 276 276]
 [673 314 228 228]
 [227 507  57  57]]
[[473 803  57  57]
 [966 700  53  53]]
()
[[512 108 105 105]]
[[399 146  48  48]
 [551 184  56  56]
 [500 295  58  58]
 [628 271  57  57]]
()
[[224 245 176 176]]
[[469  96 399 399]]
[[255  99 202 202]]
[[166 548  51  51]
 [216  50 106 106]
 [394 228 163 163]]
[[365 289  60  60]
 [ 15 344  60  60]]
[[327 226 107 107]]
[[546 622  37  37]]
[[324 249 122 122]]
[[ 84  21  97  97]
 [569 174 120 120]
 [688 306  56  56]
 [870 237  81  81]
 [391 289  80  80]
 [304 245  94  94]]
[[297  99  37  37]
 [325 289  36  36]
 [233 253  40  40]
 [252 385  46  46]]
[[696 249  53  53]
 [ 98   8  66  66]]
[[591 177  78  78]]
[[ 96 129 209 209]
 [230 346 100 100]
 [313 380 143 143]]
()
[[ 34 190  40  40]
 [296 228 235 235]]
[[155 168 508 508]]
[[148 561  87  87]
 [447 894  83  83]]
()
[[490 307  43  43]]
[[420 388  56  56]
 [306 322 103 103]
 [663 379 110 110]]
[[913 364  63  63]]
()
()
()
[[462 342  55  55]]
()
()
[[268 264 136 136]]
[[425 244  74  74]]
[[336 109  40  40]
 [378 134  48  48]
 [358 574  71  71]]
[[249 248  59  59]
 [740 161 209 209]
 [182 128 180 180]
 [ 85 656  74  74]]
()
()
[[ 86 346  55  55]
 [377 142 199 199]
 [176 223 181 181]]
[[554 728  66  66]]
[[482 285  63  63]
 [602 599  48  48]]
()
()
[[329 510 100 100]]
[[ 97 354  67  67]
 [230 347 554 554]]
[[571 234 147 147]
 [346 238 144 144]
 [180 548  52  52]]
[[913 349  80  80]
 [151 366 101 101]]
()
()
[[336  34  73  73]
 [633 444 104 104]]
[[279 193  72  72]
 [643 104 192 192]]
[[601 149 202 202]
 [285 323 202 202]]
()
()
[[288 446  71  71]
 [332 917  61  61]
 [230 909 106 106]]
[[354 154 294 294]]
[[685  54 172 172]
 [ 91  49  91  91]]
[[ 62 204 199 199]]
()
[[433 134 173 173]]
[[288 178 314 314]]
[[254  57 105 105]]
()
()
[[209 198  94  94]]
[[365 250  52  52]
 [258 208  70  70]
 [139 283  72  72]]
[[523 123 120 120]
 [702 194  93  93]]
()
[[417 230 119 119]]
[[450 124  57  57]
 [561 585  53  53]
 [473 547  55  55]
 [327 647  58  58]
 [362 462  88  88]]
()
[[410 164 126 126]
 [714 580  67  67]]
[[670 206  80  80]
 [284 142 115 115]]
()
[[272 173 117 117]]
[[393 155 206 206]]
[[  6 479  69  69]
 [398 305  79  79]
 [178 638  95  95]
 [637 509 106 106]]
[[348 198 248 248]]
[[730 252  60  60]
 [545 252  75  75]]
()
[[391  69 186 186]
 [539 107 183 183]
 [464 483  56  56]]
()
[[255 136 136 136]]
[[172  56  52  52]
 [798 122  90  90]
 [630 121 105 105]
 [197 119 109 109]
 [437 128 105 105]
 [294 214 110 110]]
[[ 22 198  54  54]
 [556  89 102 102]
 [541 338  84  84]
 [656 396  69  69]]
[[144  71 186 186]
 [358 113 164 164]
 [133 475  74  74]]
[[447 149  60  60]
 [284  54 265 265]]
[[436 323  53  53]
 [363 224  57  57]]
()
[[540 152  93  93]]
[[184 239  81  81]
 [387 176 163 163]]
()
[[211 157 195 195]
 [463 248 172 172]
 [648 570 100 100]]
()
[[544  43 243 243]]
[[ 45 234  69  69]
 [188 296 413 413]]
[[636 243 110 110]]
[[352 344  55  55]]
[[170 156 251 251]]
()
[[244  51  72  72]
 [490 110  63  63]
 [853 144  68  68]
 [357 183  79  79]
 [796 220  74  74]
 [ 47  52  75  75]
 [166 203  68  68]
 [573 210  79  79]
 [441 293  75  75]
 [922 252  83  83]
 [ 63 281  68  68]
 [757 283  77  77]
 [411 397  74  74]
 [885 405  70  70]
 [209 348  90  90]]
[[369  99  73  73]
 [690 138  72  72]
 [340  79 120 120]
 [534 104 121 121]
 [203  96 119 119]]
[[329 277 112 112]
 [766 677  73  73]]
[[173 567 109 109]]
[[916 219 100 100]
 [497 203 149 149]
 [784 470  50  50]
 [268 477  84  84]
 [651 424 152 152]]
()
[[381 251  46  46]
 [393 398  51  51]
 [647 370  57  57]
 [490 369  59  59]
 [448 236  41  41]
 [687 239  37  37]
 [625 229  50  50]]
[[115 135 417 417]]
[[129 330 156 156]]
[[395 279 179 179]]
[[468  91 204 204]
 [236 260  87  87]]
[[308 532  62  62]
 [110 727  66  66]
 [244 264  99  99]]
[[109  73  37  37]
 [852  54  34  34]
 [827 115  35  35]
 [332 304  80  80]]
[[325 134 193 193]]
()
[[727  94  38  38]
 [722  56  49  49]]
[[ 94 205 471 471]]
[[425  36  66  66]
 [545 830 124 124]
 [292 840 114 114]]
()
()
()
()
[[254 472 175 175]]
[[299 272  62  62]
 [755 237  74  74]
 [541 243  57  57]]
[[339 179  70  70]
 [228 124 139 139]
 [431 136 109 109]
 [621 602  77  77]]
[[ 47 135 386 386]]
[[900  86  49  49]
 [ 51 185  63  63]
 [105 204  79  79]]
[[362 177 187 187]
 [543 178 205 205]
 [ 95 335  70  70]]
[[438 283  99  99]]
[[ 92 228  75  75]]
[[318 268 284 284]
 [ 89 908  60  60]]
[[240  67 124 124]
 [243 681  64  64]]
[[291  18  58  58]
 [467 198 107 107]]
[[159 757  39  39]
 [202 844  36  36]
 [478 801  53  53]]
()
[[701 249  34  34]
 [417 278 113 113]]
[[319 219 129 129]
 [267 391 280 280]]
[[468 201  62  62]
 [404 246  68  68]
 [650 209  69  69]
 [682 390  52  52]
 [320 326  54  54]
 [139 286  83  83]
 [791 257 105 105]]
()
[[293  49  97  97]
 [286 684  55  55]]
[[ 58 473  59  59]]
[[253 118 104 104]]
[[726 228 205 205]]
[[462 504 169 169]]
[[350 142  63  63]
 [195 164  74  74]]
[[238 874 113 113]]
[[681 309  86  86]]
[[381 145  88  88]]
[[340 136 170 170]]
[[256 139 178 178]]
[[145 179 202 202]
 [459 211 239 239]
 [684 935  60  60]]
()
()
[[151 280  69  69]]
()
[[281 110 497 497]]
[[143 152  71  71]
 [822 316  51  51]
 [390 165  72  72]
 [185 155 148 148]
 [830 298  83  83]
 [610 491  77  77]
 [480 495  76  76]]
[[334  49 101 101]]
[[832 259  57  57]
 [314  81 151 151]
 [544 121 156 156]]
[[569 566 114 114]]
[[416  54 108 108]]
[[592  89 159 159]
 [344 200 131 131]]
[[268  88 516 516]
 [312 644  70  70]]
[[565 261 157 157]
 [500 447 128 128]]
()
[[133 293 140 140]]
()
()
[[466 206  85  85]
 [474 170  90  90]]
[[608 288 309 309]]
()
[[348 386  79  79]]
()
[[533 302 255 255]]
[[437 118 237 237]]
()
()
[[772 288  88  88]
 [111 334 126 126]]
[[398 180 254 254]]
[[581 375 100 100]]
()
[[356 467 107 107]
 [441 460 153 153]]
[[614 332  53  53]]
[[633 204  52  52]
 [532 235 130 130]
 [376 262 178 178]
 [699 341 297 297]
 [398 535 114 114]]
[[593 119  49  49]]
[[327 579 149 149]
 [ 85 138 505 505]]
()
[[348 132  83  83]]
()
[[591 194  81  81]
 [354 215 152 152]
 [504 324 126 126]]
()
[[592 121 320 320]]
[[417 131 120 120]
 [225 238 111 111]
 [513 218  98  98]]
()
[[113 606  80  80]
 [138 312  66  66]
 [391 304  99  99]
 [456 591  93  93]
 [403 154  97  97]
 [148  48  88  88]
 [451  31 108 108]]
()
[[251 124 311 311]
 [509 152 299 299]
 [324 699  51  51]]
[[160  64  97  97]
 [400 134 264 264]]
[[266 723  59  59]
 [348 953  59  59]
 [469 736 116 116]]
[[293 276 372 372]]
[[233 183 176 176]
 [618 120 216 216]]
[[316 306  56  56]]
()
[[386 180 293 293]]
[[546 121  61  61]
 [332 153 110 110]
 [191 410  95  95]]
[[771  46  50  50]
 [426 312 182 182]
 [248 183 232 232]
 [480 111 278 278]
 [384 564  62  62]]
[[289 234 246 246]]
[[492 402  52  52]
 [562 410  54  54]
 [283 511  88  88]]
[[740 230 105 105]
 [478 212 107 107]
 [583 319 110 110]]
[[775 246  66  66]]
()
[[948 303  73  73]
 [760 396  62  62]
 [628 433 115 115]]
[[445 229 179 179]]
[[551 261  60  60]
 [926 259  55  55]
 [303 237 101 101]]
()
[[355 251  52  52]]
[[261 218 198 198]]
[[266  78  62  62]
 [542  93  67  67]
 [617  27  58  58]
 [447  63  82  82]]
()
[[623 275  59  59]]
()
[[ 19 229  45  45]
 [553 192  68  68]
 [291 248  57  57]
 [452 282  58  58]]
[[580 204  67  67]
 [646 151  92  92]
 [474  93 109 109]
 [470 279  79  79]
 [185 283 114 114]
 [395 306 101 101]]
[[798 427  63  63]]
[[436 328  48  48]
 [350 233 154 154]]
()
[[245 214 174 174]
 [378 297 145 145]]
()
[[412 790  69  69]
 [ 32 869  65  65]]
[[201 100 182 182]]
()
[[489 218  61  61]]
[[367  79 444 444]
 [ 59 208 399 399]]
()
[[480  66 264 264]]
()
[[181 108 170 170]]
[[502 486  46  46]
 [357 410  58  58]
 [519 344  88  88]]
[[324 559  66  66]
 [297 569 122 122]]
[[866 324  54  54]
 [642 240 154 154]]
()
()
[[324 149 446 446]]
()
[[102 610  73  73]]
[[479 429  46  46]
 [590 378  71  71]]
[[199  85 705 705]]
[[342   1  38  38]
 [231   4  41  41]
 [621   3  59  59]
 [437 132 169 169]
 [335 213 149 149]
 [259 415 158 158]]
()
[[811  31  61  61]
 [229 292 120 120]
 [401 292 112 112]]
[[253 649 162 162]]
[[564 191  55  55]
 [246 215  56  56]
 [707 153  58  58]
 [403   7  75  75]
 [144 486  54  54]]
[[655 170  64  64]
 [754 146  72  72]
 [813 175  70  70]]
[[473 410  54  54]
 [ 45 372  60  60]
 [292  65  98  98]]
[[395  77  62  62]
 [118 302 122 122]]
()
[[343 209  49  49]]
[[173 744  59  59]
 [189 889 104 104]]
[[626 172  63  63]
 [532 199  75  75]]
[[553 230  93  93]]
[[438 238  62  62]]
()
[[229 265  48  48]
 [354 104  57  57]]
[[797 194  58  58]]
[[436 110  96  96]]
[[449  39 119 119]]
[[286 389 232 232]
 [615 793 124 124]]
()
[[599 125 222 222]]
()
[[798  40 217 217]
 [326  17 408 408]]
()
[[208 299 145 145]]
[[557 413 214 214]]
[[216 170 238 238]]
[[237 299 197 197]]
[[153  54  87  87]
 [168 179  67  67]
 [703  97  99  99]
 [380 131 163 163]
 [425 353 106 106]]
()
[[338 141 464 464]]
[[363 177  59  59]
 [502 249  84  84]]
()
()
[[638 365  54  54]
 [707 366  56  56]
 [547 251  82  82]]
()
[[344 175  56  56]
 [489 166  61  61]
 [266  98  60  60]
 [630 311  80  80]
 [204 278  55  55]
 [608 147  62  62]
 [777 163  65  65]
 [461 383  61  61]
 [354 386  64  64]
 [672 384 104 104]]
[[257  87  44  44]]
[[271 172  49  49]]
[[354 219 327 327]]
[[316 298 244 244]
 [572 162 249 249]]
[[468  75  59  59]
 [242 251  91  91]
 [608  40  88  88]
 [361 144 205 205]
 [217  65  79  79]
 [ 80 247 144 144]]
[[198  17  79  79]
 [345  43  85  85]
 [ 88   4  92  92]]
()
[[905 204  97  97]
 [843 144  93  93]
 [443 210 105 105]
 [668 175 125 125]
 [285 130 126 126]]
[[598 208 159 159]]
[[414  54 129 129]
 [670 122 135 135]
 [248  88 136 136]]
[[416 460  84  84]
 [199 159 254 254]]
[[560 121 157 157]
 [309 128 163 163]]
[[608 288 185 185]
 [611 154 151 151]]
[[223 456 276 276]]
[[326 171 298 298]]
[[364 176 197 197]
 [492 530 169 169]]
[[159 250 126 126]]
[[404 169 268 268]]
[[435 480  37  37]]
[[387 203 214 214]]
[[472 187  68  68]
 [590 116 107 107]
 [208 196  84  84]]
[[700 356  34  34]
 [111 413  36  36]]
()
[[328  36 406 406]]
[[510 134 116 116]]
[[623 275  55  55]
 [323 248 136 136]]
[[432  99 204 204]
 [454 339 168 168]]
[[343 448  54  54]
 [149  74 219 219]]
()
[[296 148 382 382]]
[[  4 354  97  97]]
[[170 304 344 344]
 [579 279 231 231]]
[[252 326 115 115]]
[[551 124  40  40]
 [460 336  54  54]
 [125 346  52  52]]
()
()
()
()
[[660 263 172 172]]
[[168  50 179 179]
 [501 242  79  79]
 [589 298 102 102]]
[[171 148  71  71]
 [225 181 265 265]]
()
[[958  10  52  52]
 [545 107  56  56]
 [ 40   5  47  47]
 [661   8  54  54]
 [160  43  62  62]
 [518   8  66  66]
 [841  49  68  68]
 [  3  76  68  68]
 [729  78  72  72]]
()
[[318 167  67  67]
 [677 203  83  83]
 [535 231  75  75]
 [426 407 113 113]]
[[462 101  57  57]]
[[864 146  67  67]]
()
[[623 185  54  54]
 [136 191  81  81]
 [275 219 100 100]]
[[608 115 170 170]
 [134 114 227 227]
 [379 538 110 110]]
[[621  23 357 357]
 [212   2 337 337]]
[[327 325  55  55]
 [542 341  60  60]
 [374 902  71  71]
 [374 662 123 123]]
[[307 238 294 294]]
[[466  80 179 179]
 [219 460 106 106]]
[[630 159  57  57]
 [293 144 301 301]]
[[105 207 356 356]]
()
[[ 23 156  59  59]
 [300 190 132 132]
 [481 137 191 191]]
[[435 318  54  54]
 [551 270  54  54]
 [205 344  61  61]]
[[494  27 264 264]
 [780 456 100 100]]
[[601 114 154 154]]
[[ 99 232 479 479]]
[[689 394  71  71]
 [253 372 108 108]]
[[951  49  56  56]
 [716 254  69  69]]
[[306 305  54  54]
 [521 424  52  52]
 [219 217  95  95]
 [524 236  77  77]
 [464 564  56  56]]
[[376  96 507 507]]
()
[[313 115  62  62]
 [232 315 239 239]]
[[467 136  80  80]
 [250 159  99  99]
 [655 106  91  91]]
[[381 225 222 222]]
[[115 169 352 352]]
[[807 255  57  57]
 [851 186 106 106]
 [876 228  88  88]
 [901 462  60  60]]
[[399 190  73  73]]
[[147 199 450 450]]
[[  6 270 130 130]]
()
[[393 215 270 270]]
[[ 89 159 139 139]
 [505 104 173 173]
 [899 450  52  52]]
()
[[259 198 421 421]]
[[148 197 667 667]]
()
[[267 251  61  61]
 [223 159 121 121]
 [ 20 924  69  69]]
[[141  75 164 164]]
[[164 181 155 155]
 [722 238 104 104]]
()
[[123 160 171 171]
 [576 217 157 157]
 [743 216 175 175]
 [403 444  82  82]
 [409 259 168 168]]
()
[[246 238  63  63]
 [225  69 121 121]]
[[500 212  77  77]
 [479  99 128 128]
 [168 116 136 136]
 [120 284 132 132]]
[[249 129 221 221]
 [605 287 220 220]]
[[282 261 422 422]]
[[739 255 108 108]
 [343 285  96  96]
 [572 610 117 117]]
()
()
[[ 19  67  97  97]
 [685 175 108 108]]
()
[[386 385  99  99]
 [782 496  57  57]
 [824 606  51  51]]
[[161 159 248 248]
 [642 361 199 199]
 [494 125 201 201]]
[[ 94 243 375 375]]
[[570 102  69  69]
 [562  84 215 215]
 [625 530  84  84]]
[[388 215 135 135]
 [612 162 175 175]
 [192 318 121 121]]
[[488 375  83  83]]
[[426  40 126 126]
 [222  23 123 123]
 [619 164  97  97]
 [721 102 127 127]]
[[351  83 190 190]]
[[252 388  51  51]
 [ 10 434  81  81]]
()
[[217 387 136 136]]
[[177 128 170 170]]
()
[[416  49 293 293]]
[[397 174 253 253]]
[[375 219 108 108]]
()
()
[[318  69 118 118]
 [894 350  68  68]
 [540 473 154 154]]
()
[[164 165 100 100]]
[[699 485 148 148]]
()
()
()
[[389 211 121 121]]
()
[[107  13 176 176]
 [123 363 407 407]]
[[117 389  46  46]
 [624 336 243 243]]
[[460 326 110 110]]
[[511 193 250 250]]
[[365 252 110 110]
 [893 393  52  52]
 [475 461  52  52]]
[[452 156  88  88]
 [567 292  88  88]]
[[328 242 218 218]
 [196 251 222 222]]
[[373 179 264 264]]
[[233 348  57  57]
 [178  60 168 168]
 [372 248 158 158]]
()
()
[[523 135 384 384]
 [134 476  53  53]]
()
[[277 214  55  55]]
[[437 187  40  40]
 [267 131  62  62]
 [ 89 272  64  64]
 [779 386  73  73]]
()
[[126 427 143 143]]
()
[[178  72 310 310]
 [231 776  60  60]
 [ 57 197 176 176]]
[[254 159  53  53]]
[[204  84 124 124]
 [146 333  97  97]]
[[861 231  77  77]]
[[405 356  95  95]
 [719 415 146 146]]
[[286 105 203 203]
 [612 191 183 183]]
[[304 375  55  55]]
[[775 214  55  55]
 [842 214  53  53]
 [614 216  53  53]
 [694 216  53  53]]
[[142 159  53  53]]
[[889 247  60  60]
 [696 274 135 135]]
[[395 104 142 142]]
[[162 176  55  55]
 [784 383  88  88]
 [608 391  95  95]
 [634 386 101 101]
 [357 401  97  97]
 [165 407 103 103]
 [198 404 108 108]]
[[553 152  63  63]]
()
[[462 198 237 237]
 [387 433  66  66]
 [284 266 225 225]]
()
[[283  97  76  76]]
()
[[574 104 106 106]]
()
[[940 920  58  58]]
[[204 121  65  65]
 [711 117  56  56]
 [ 73 119  68  68]
 [843  70  75  75]]
[[544 342  54  54]
 [291 216  79  79]
 [136 194  95  95]]
[[308  88 157 157]]
()
()
[[239 133 167 167]]
[[905 100  36  36]
 [596 123  49  49]
 [233 210  57  57]
 [716 168  99  99]]
[[519 222 173 173]
 [173  33 140 140]]
()
[[860 184  38  38]
 [894 291  48  48]]
[[567 187 111 111]
 [391 133 111 111]
 [272 339  70  70]]
[[385  95  76  76]
 [585 121  65  65]
 [296 109  83  83]
 [493 122  76  76]
 [239 419 103 103]]
()
[[692  42  43  43]]
()
[[481 149 160 160]]
[[371  65 103 103]]
[[765 294  73  73]
 [790 389  55  55]
 [910 518  59  59]]
[[325 253 315 315]]
[[397 261  66  66]
 [645 236  75  75]]
[[283 204  58  58]
 [896 256  85  85]
 [ 26 199 123 123]
 [914 336  68  68]
 [406 256 162 162]
 [106 357 235 235]
 [358 620  56  56]
 [807 543  56  56]]
[[660 257  57  57]
 [331 150 310 310]]
()
[[368  57  65  65]
 [372 366  64  64]
 [371 411  67  67]
 [363 470 118 118]
 [401 691  64  64]
 [357 161 124 124]
 [ 26 832  77  77]]
[[494 210  52  52]
 [473  73  88  88]
 [526 597  63  63]]
()
[[ 61   7 428 428]]
()
[[140 214  46  46]
 [359 162  62  62]
 [237 157  64  64]
 [878 189  67  67]
 [463 192  73  73]
 [573 214 161 161]]
[[266 239  56  56]]
[[517 211  40  40]]
[[314  92 127 127]]
[[252 370  33  33]
 [652 112 194 194]]
()
[[532 444  57  57]]
[[251 292  75  75]
 [490 267  72  72]
 [772 262  93  93]]
()
[[552 124  38  38]
 [449 102  40  40]
 [773  60  68  68]
 [800 214  70  70]]
()
()
()
[[333 147 334 334]]
[[581 127 288 288]
 [137 316 201 201]
 [346 371 180 180]]
[[ 63  67 119 119]
 [332 194 235 235]]
[[860  96 134 134]]
()
[[321 330  41  41]
 [283 668  57  57]
 [311 404  66  66]
 [306 447  70  70]]
[[303 165 377 377]]
[[263  19 590 590]
 [152 131 103 103]]
[[  2 137  36  36]
 [765 282  72  72]
 [162 331  80  80]]
[[416 260  54  54]
 [422 499 184 184]]
[[206 127 122 122]
 [756 268 129 129]
 [916 527  75  75]]
[[899 121  61  61]
 [652  36  61  61]
 [250 156  71  71]
 [494 256  77  77]]
[[659 402 130 130]]
[[427 279  52  52]
 [551 295  58  58]]
[[440 167  47  47]
 [680 177  44  44]
 [864 208  40  40]
 [670 254  56  56]]
[[325 576  86  86]]
()
[[204 151 136 136]]
()
[[362 236 350 350]]
[[189 134  60  60]
 [325 208  79  79]
 [492 246 107 107]]
()
[[698 509  60  60]]
[[589 376  46  46]]
[[512 104  47  47]]
[[304 223  49  49]
 [382 179  59  59]
 [455 196  59  59]
 [366 502  56  56]
 [304 499  63  63]
 [223 479  94  94]
 [597 880  67  67]]
[[415  50 115 115]
 [127 387  65  65]]
[[230 303 105 105]]
[[404 140 280 280]]
[[608 274  97  97]]
()
[[239 100  90  90]
 [127 878 116 116]]
()
[[756 427  54  54]]
[[586 538  53  53]]
()
()
[[392 280  36  36]
 [713 243  36  36]
 [ 11 303  34  34]
 [364 487  37  37]
 [426 265  35  35]
 [ 47 212  36  36]
 [374 386  38  38]
 [ 84 289 114 114]]
[[300 627  56  56]]
[[529 164 118 118]]
[[140 392  44  44]]
()
[[517 296  54  54]
 [188 168 286 286]
 [345 121 427 427]]
[[795  39  72  72]
 [ 84 204 152 152]
 [861   8 105 105]
 [  2  21  98  98]
 [281  28 129 129]
 [520  28 143 143]
 [250 594  76  76]]
[[103 302  39  39]
 [282 118 106 106]
 [520 180  89  89]
 [656 201 117 117]
 [822 187 117 117]]
()
[[128 115  51  51]
 [333 279  78  78]]
[[223  21 642 642]]
[[276 522 130 130]
 [173 664 174 174]]
[[507 347  94  94]]
[[753 401 183 183]]
()
[[357 184 392 392]
 [770 292  96  96]]
[[364 186 317 317]]
[[487 191 190 190]
 [360 233 160 160]]
()
[[493 559  52  52]
 [503 725  53  53]]
[[203 310 327 327]
 [510 813  58  58]]
[[444 726  58  58]
 [107  96 180 180]]
()
[[243 197 139 139]]
()
()
[[312  22 188 188]]
[[168 307  59  59]
 [564 682 120 120]
 [653 936  60  60]
 [554 933  72  72]]
[[224 581 122 122]]
()
[[526 209  98  98]
 [501 135 147 147]]
[[ 39  86 516 516]]
[[ 76 395  58  58]
 [260 228 106 106]
 [428 241  98  98]
 [282 314  76  76]
 [563 259 110 110]
 [135 247 152 152]]
[[270  38 629 629]]
[[364 277 284 284]]
[[460 148 147 147]]
()
()
()
[[ 48 234  59  59]]
[[772 223  46  46]]
()
[[442 132 136 136]
 [447 192  83  83]]
[[573 198  68  68]
 [433 192  82  82]]
[[517 267  98  98]
 [460 338  62  62]]
[[342  81  55  55]
 [221 139 147 147]
 [114 135 161 161]]
[[405 147 378 378]]
[[918 206  52  52]
 [604 170  91  91]]
[[381 179  46  46]
 [169 115 215 215]]
[[360 449 319 319]]
[[814  16 121 121]]
()
[[698  74  78  78]
 [890 148  73  73]
 [690 166  81  81]
 [284  69  74  74]
 [900  79  77  77]
 [337  95  69  69]
 [486  98  80  80]
 [535 292  86  86]
 [126  90  76  76]
 [656 388  56  56]
 [288 465  68  68]
 [772 504  79  79]
 [250 408 181 181]]
[[293 147 343 343]]
[[491 232  43  43]
 [217 294  53  53]
 [475 316  43  43]
 [145 245  47  47]
 [275 202  49  49]
 [384 211  50  50]
 [357 281  53  53]
 [356 318  55  55]
 [562 249  55  55]
 [127 359  64  64]]
[[613 159 113 113]
 [114 231 171 171]]
[[386 163 272 272]]
[[479 459  75  75]
 [631 197 190 190]]
[[150 133 554 554]]
[[529 242 122 122]
 [501 443  60  60]]
[[284 391  59  59]
 [448 810  69  69]]
()
[[345 311 293 293]]
[[397 153  67  67]
 [883 200  61  61]
 [134 154  73  73]
 [739 186  64  64]]
[[331 119 163 163]
 [586 143 230 230]]
()
()
[[428 125 171 171]
 [536 334 147 147]]
[[295 144 145 145]
 [378 277 112 112]
 [366 418 107 107]]
[[293 228 446 446]]
[[454 470  80  80]
 [336  61 115 115]]
[[330 292  55  55]
 [416 182 116 116]
 [590 208 124 124]]
[[666 339  55  55]
 [205 361  56  56]
 [129 519  92  92]]
[[364 212 268 268]
 [338 536  71  71]]
[[193 139  84  84]
 [524  74 215 215]
 [926 439  42  42]]
[[222 185 205 205]]
()
()
[[576 492  59  59]
 [191 437  93  93]
 [306 448 107 107]]
[[522 528  62  62]
 [ 79 530  78  78]]
[[183  47  39  39]]
[[752  95 216 216]
 [657 866  67  67]]
[[364 182 101 101]
 [661  27 290 290]]
[[243 232 244 244]]
[[256 226  81  81]]
[[320 226  91  91]]
[[308 152 350 350]]
[[766 169 117 117]
 [599 184 172 172]
 [339 116 173 173]
 [ 76  22 281 281]]
[[332 303 181 181]]
[[468 270 119 119]
 [ 89 627  62  62]]
[[179 252 676 676]]
()
[[443 181 313 313]
 [180 189 299 299]]
()
[[780 148  52  52]
 [665 156  58  58]
 [849 474  56  56]]
[[555 294  48  48]
 [725 215  55  55]
 [143 180  57  57]]
[[162 846  59  59]]
[[372 388  79  79]]
[[464 198 188 188]]
[[497 109 114 114]]
()
[[398  52 219 219]]
()
[[702  38  87  87]
 [832 234 155 155]]
[[233  63 261 261]]
[[533  99 153 153]
 [499 231 110 110]
 [189 149 152 152]
 [177 420 140 140]]
[[ 31 190  73  73]]
[[153 315 340 340]]
[[176  67  57  57]
 [195 881  65  65]]
[[296  99 156 156]
 [593 173 138 138]]
[[315  86  94  94]
 [600 115  81  81]]
()
[[ 97 851 105 105]
 [145 671 175 175]]
[[277 790 151 151]]
[[533 507  71  71]]
[[428  40 104 104]]
()
[[497 243  93  93]
 [407 217  93  93]
 [906 269 103 103]]
[[318  12 292 292]
 [842 484 110 110]]
[[ 93 177  73  73]
 [313 147  79  79]
 [844 187  68  68]
 [814 283  89  89]
 [512 249  89  89]
 [713 168  84  84]
 [233 271  92  92]]
[[395 131 277 277]
 [641 633  61  61]]
[[218 313  56  56]
 [432 151 271 271]]
[[183 165  62  62]
 [318 303  53  53]
 [457 290  55  55]
 [844 323  53  53]
 [706 299  55  55]
 [580 307  53  53]
 [782 452  62  62]
 [303 432  57  57]
 [676 434  53  53]
 [555 427  63  63]
 [421 450  56  56]]
[[689 297  68  68]
 [500 297  76  76]
 [462 433  69  69]]
()
[[595 240  96  96]]
()
[[154 392  54  54]
 [650 105 274 274]
 [133 201 130 130]]
[[893 214  49  49]
 [527 191  57  57]
 [752 369  56  56]
 [413 189  57  57]
 [732 198  55  55]
 [943 359  59  59]
 [898 188  59  59]]
[[390 167 208 208]]
[[614  96 167 167]
 [232 112 196 196]
 [498 152 151 151]]
[[191 148 210 210]]
[[434 245  68  68]
 [260 198  71  71]
 [364 182  72  72]
 [264 332  86  86]
 [385 457  72  72]
 [709 614  58  58]
 [703 570  70  70]]
[[191 295 232 232]]
[[154  85  51  51]
 [774 292  72  72]
 [611 310  66  66]
 [ 95 313  66  66]]
()
()
[[598 312  68  68]
 [290 273 169 169]]
[[526 185 178 178]
 [548 329 144 144]
 [310 365 100 100]
 [281 238 146 146]
 [319 413  91  91]]
[[402 238 260 260]
 [764 340 148 148]]
[[724 286 184 184]
 [499 375  80  80]]
[[521 253  35  35]
 [ 94 157  44  44]
 [216 124  62  62]]
[[929 214  56  56]
 [351  89 127 127]
 [535 122 131 131]]
[[640 281  37  37]
 [474 236  67  67]
 [717 213  82  82]
 [257 197  90  90]
 [738 203 100 100]]
[[744 172  92  92]
 [251  14  56  56]]
[[358 134 236 236]]
[[606 285  56  56]
 [203 324  55  55]
 [825 322  58  58]
 [129  73  93  93]]
[[179 154 162 162]
 [592 197 154 154]
 [674 397  93  93]]
[[221 279  94  94]]
[[579 124 224 224]]
[[669  68  57  57]
 [265 131  56  56]]
[[954 504  59  59]]
[[402 502  47  47]]
[[530 340  47  47]
 [305 325  53  53]
 [132 325  59  59]
 [914 330  60  60]
 [712 313  53  53]
 [519 407  59  59]]
()
()
[[ 38 119  41  41]
 [185 131  35  35]]
[[217 565  55  55]
 [243 137  97  97]
 [487 181  91  91]]
[[662  82  47  47]
 [770  69  53  53]
 [416 387  62  62]
 [ 65 175 269 269]
 [509 246 362 362]]
[[650 328  81  81]
 [120 155 237 237]]
[[215 236 217 217]]
[[ 90 194  56  56]]
()
()
[[549 234 129 129]]
[[299  60 127 127]
 [ 35 218  63  63]
 [746 152 129 129]
 [123 280 165 165]
 [546 235 136 136]]
()
[[309 180  67  67]
 [893  68 112 112]]
[[490 562  38  38]]
[[634  99 191 191]
 [237 172 177 177]]
[[430 234  79  79]]
[[353  73 208 208]]
[[797 339  55  55]
 [271 195 162 162]
 [289  69 184 184]
 [  9 536  53  53]]
()
()
[[659 291  34  34]]
[[469 103  53  53]]
[[373 257 128 128]
 [331 606  56  56]
 [238 585  96  96]
 [119 618 149 149]]
[[864  75  58  58]
 [404  23 168 168]
 [468  55 253 253]
 [159 163 209 209]]
[[397 194  74  74]
 [513 136 127 127]
 [ 45 317  57  57]
 [719 142 173 173]
 [207 391 171 171]]
()
[[442 629 125 125]]
[[520 129 109 109]]
[[479 291 125 125]]
()
[[295 107  52  52]
 [552 287 126 126]
 [663 230 151 151]
 [165 249 171 171]]
()
[[353 282 143 143]]
[[407 132 207 207]]
[[404 115 145 145]
 [458 207 162 162]]
[[258 108 180 180]]
[[466 170  72  72]
 [520 286  64  64]
 [741 400  59  59]]
[[792 538  93  93]]
()
[[702 114  46  46]
 [829 206  78  78]
 [335 184  93  93]
 [573  80 132 132]
 [880 667  64  64]]
[[417 306  50  50]
 [138  79 138 138]
 [846 580  57  57]
 [ 62 382  91  91]]
()
[[255 134 156 156]
 [421 567  57  57]
 [251 544  92  92]]
[[626 199 114 114]
 [501 567  54  54]]
[[525 174  52  52]]
()
()
[[888 262  61  61]
 [674 265  62  62]
 [769 283  62  62]
 [351 371  62  62]]
()
[[566 337  77  77]
 [385 287  85  85]]
[[238 571  53  53]]
[[314 284 189 189]
 [499 444 238 238]]
()
[[437 221 144 144]
 [445 334 124 124]
 [284 457  95  95]
 [673 634  69  69]]
[[541 133  95  95]
 [498 772  57  57]]
[[642 201  61  61]
 [230 228  56  56]
 [563 206  60  60]
 [ 59 134  85  85]
 [439 186  67  67]
 [851 158  75  75]
 [230 143  91  91]
 [700 185  76  76]
 [140 126 254 254]]
[[137 369  72  72]]
()
[[312 170 151 151]]
[[116 148 127 127]]
[[ 74  52  51  51]
 [324 196 224 224]]
[[106 306  52  52]
 [234 131 221 221]
 [118 803 192 192]]
[[586 103 232 232]
 [255 207 231 231]]
[[288 280  56  56]]
()
[[122 163  84  84]]
()
()
[[121  84  57  57]
 [726 219  54  54]]
[[606  60  35  35]
 [180 350  85  85]
 [180 181 144 144]
 [  8 919  75  75]]
()
()
[[460 147 104 104]
 [816 345  65  65]]
[[265 257 247 247]]
[[560 150 216 216]
 [ 84 476  71  71]]
[[566 181 235 235]
 [114 174 380 380]
 [560 345 281 281]]
[[262  84 117 117]
 [634 117 146 146]
 [538 388  70  70]]
[[405 107 218 218]]
[[710 100 189 189]
 [458 284 119 119]
 [124 287 151 151]]
[[422 280 185 185]]
[[475 391  69  69]
 [475  93  65  65]
 [438 242 120 120]]
()
[[513 405 168 168]]
[[472 126 154 154]
 [293 128 161 161]]
()
[[215 204 441 441]]
[[238 141 107 107]
 [627 156 111 111]]
()
[[233 106  88  88]
 [499 148  81  81]
 [710 133  92  92]]
[[126 311  63  63]
 [902 425  48  48]]
[[ 71  87  50  50]
 [270 129 186 186]]
[[360 165  78  78]
 [610 221 123 123]
 [345 517  77  77]]
[[354 643  72  72]
 [236 248  73  73]
 [462 602 183 183]]
[[327 334 120 120]]
[[368 195 120 120]]
()
[[376 570  53  53]
 [373 277 133 133]]
[[456 273 267 267]]
[[211 375 161 161]]
[[184 149 120 120]
 [429 149 151 151]]
[[302  75 270 270]]
[[236 185  96  96]
 [547 208 101 101]]
[[ 28 112 388 388]]
[[625 184  65  65]]
[[647  58  82  82]
 [326  46  89  89]]
[[356  79 245 245]
 [508 146 246 246]]
[[728 151 136 136]]
()
[[ 71 175  39  39]
 [187 117  38  38]
 [822 197  40  40]
 [206 165  43  43]
 [574 161  51  51]
 [659 130  58  58]
 [522 189  57  57]]
()
()
[[742 583  50  50]]
[[259 262 144 144]]
[[439 142  83  83]]
[[524  86 178 178]
 [310 192 180 180]
 [330 351 128 128]]
[[537 266  53  53]
 [686 271  52  52]
 [510 199 107 107]
 [209 155 127 127]]
[[889 194  36  36]]
[[169 363 145 145]]
[[441 197  51  51]]
[[778 375  78  78]
 [706 487  75  75]]
[[409 182 102 102]
 [626 193 117 117]
 [232 241 124 124]
 [566 582  59  59]]
[[315 120 155 155]
 [239 235 127 127]]
[[199 215 159 159]
 [560 497  67  67]]
()
[[278 573  43  43]]
[[415 170 224 224]
 [407 388  83  83]
 [210 401 594 594]]
()
[[585 206  63  63]
 [509 203 219 219]]
[[243 144 403 403]]
[[380 178 181 181]]
()
[[382  21  55  55]]
[[132 131 180 180]
 [629 541  61  61]
 [236 510  80  80]]
[[233 349 256 256]]
[[416 379  37  37]
 [447 347  37  37]
 [502 388  42  42]
 [565 350  42  42]]
[[402 316  46  46]
 [113 300  63  63]]
[[688 183  73  73]
 [872 267  77  77]
 [ 93  18  58  58]]
[[565  92 144 144]
 [393 107 141 141]
 [248 145 119 119]]
()
[[ 91 392 117 117]]
[[297 217 213 213]]
[[433 103 158 158]
 [482 523  64  64]]
[[492 527  36  36]
 [398 530  36  36]]
()
()
[[239 111 250 250]]
()
[[650 280 276 276]]
[[654 293  55  55]
 [ 98 152 260 260]
 [919 521  52  52]]
[[484 203  49  49]]
[[284 206 187 187]
 [428 508 109 109]]
[[382 218 285 285]
 [283 440  62  62]]
[[229 363 225 225]]
[[307 201  37  37]
 [499 216  36  36]
 [ 47 413  46  46]
 [490 334  65  65]
 [660 300 107 107]
 [ 73 285 159 159]
 [364 502 111 111]]
[[313 196 406 406]]
[[588 230  74  74]]
[[699 557  51  51]
 [555 578  76  76]
 [207 255 341 341]]
[[263 205 299 299]
 [349 281 122 122]
 [590 219 340 340]]
[[565  33 320 320]]
[[414 182 219 219]]
()
[[285 431 110 110]]
()
[[427 522  51  51]
 [602 273 128 128]
 [307 334 103 103]]
[[279 144 131 131]
 [295 322  57  57]]
[[214 406  92  92]
 [236 286  98  98]
 [369 366 109 109]]
[[644 326 138 138]]
[[450 126 192 192]
 [312 231 186 186]]
[[299 107 164 164]]
()
[[249 442  61  61]]
[[738  91  45  45]
 [341  86  56  56]
 [445  76  60  60]
 [668  94  52  52]
 [538  50  73  73]
 [336 427  67  67]]
[[151 161 109 109]]
[[362 117  60  60]
 [609 126  64  64]
 [284 134  80  80]
 [180 138  83  83]
 [392 158  94  94]
 [ 58 452 150 150]]
()
[[246  51  74  74]]
[[229 370  35  35]
 [927 378  70  70]]
[[428 184 100 100]]
[[651  49  56  56]
 [350 161 355 355]]
[[583 295  84  84]]
()
[[282 291  77  77]
 [453 219  85  85]]
[[626 236  68  68]]
[[265 278 149 149]
 [579 398  96  96]
 [272 898 114 114]]
[[ 11 143  68  68]
 [687 221  68  68]
 [360 198 282 282]
 [690 421 165 165]]
[[ 22 332  62  62]
 [633 295 112 112]]
[[ 84 204  49  49]
 [ 53 332  55  55]
 [783 169  79  79]]
()
[[426 176 118 118]
 [255 222 113 113]
 [649 303 105 105]]
[[415  89 156 156]
 [200 341  64  64]
 [176 148 181 181]
 [645 238 149 149]]
[[367 238  66  66]
 [173 251  70  70]
 [ 97 263 192 192]
 [576 446 100 100]]
()
[[220 238  91  91]
 [217 215 202 202]
 [ 28 271 454 454]]
[[553 240 214 214]]
[[679 172  55  55]
 [938 397  35  35]]
[[499  51  97  97]
 [128 109 110 110]
 [ 40 164 110 110]
 [444 366  58  58]]
[[662 257  98  98]]
[[545  40 161 161]]
[[228  91 235 235]]
()
[[388  44  87  87]
 [634  94  93  93]
 [392 158  93  93]
 [ 90 207 148 148]]
[[237 117 110 110]]
[[481 158 159 159]]
[[160 156 210 210]
 [566 261 208 208]
 [362 456 182 182]
 [ 78 453 212 212]
 [757 471 209 209]
 [267 743  49  49]]
[[335 104 266 266]]
()
[[289 270 113 113]]
()
()
[[165 284 490 490]]
()
()
[[793 274  56  56]
 [201 240  53  53]
 [402 228  59  59]]
()
[[481  61 192 192]
 [485 127 190 190]]
[[309 119 107 107]]
[[152 252 418 418]
 [ 12 763 200 200]]
[[137  10  87  87]]
()
[[468 207  58  58]]
[[387 184  67  67]]
()
[[450 189 175 175]
 [643 191 188 188]
 [178 316 175 175]
 [339 381 155 155]]
[[696 106  73  73]
 [371 252 110 110]]
[[203 191 150 150]
 [756 231 173 173]]
[[840 298  72  72]
 [308 587  54  54]
 [177 381  82  82]
 [357 380  89  89]
 [150 585  99  99]]
[[ 42 296  60  60]
 [524 276 157 157]]
[[740 179  73  73]
 [635 213  68  68]
 [363 219  69  69]
 [264 223  75  75]
 [473 229  73  73]
 [803 461 104 104]
 [665 724  89  89]]
()
[[ 93 467  97  97]]
[[ 63 244 197 197]
 [546 526  47  47]]
[[ 19   0  70  70]
 [934 122  79  79]
 [625 147  99  99]]
[[347 126 397 397]
 [698 163 162 162]]
[[492  30  57  57]
 [910 338  57  57]
 [651 352  68  68]]
[[428 190 224 224]]
[[322 151 352 352]
 [210  72 559 559]]
[[282 105 207 207]
 [491 151 209 209]]
[[278 422  50  50]]
()
[[373 123 307 307]]
[[716 221  98  98]
 [503 221 151 151]
 [322 663  71  71]]
()
[[323 327  52  52]
 [471 307  59  59]]
[[283 278  70  70]
 [122 740  72  72]]
()
[[526 110 112 112]]
()
[[581 104 182 182]]
()
[[279 389  80  80]
 [ 24 597  66  66]
 [366 675  47  47]
 [206 575 184 184]]
()
[[670 400 115 115]]
[[520 161 274 274]
 [821 455  54  54]]
()
()
[[ 45 498  98  98]
 [487 842  48  48]
 [178 881  51  51]]
[[123   5  46  46]
 [323 175 215 215]
 [484 261 194 194]
 [814 417  55  55]
 [630 444  81  81]]
[[945 246  51  51]
 [679 242 105 105]
 [126 218 136 136]
 [163 211 147 147]
 [457 223 129 129]
 [325 262 115 115]]
[[692 243  60  60]
 [476 198 202 202]
 [126 184 251 251]]
[[307 238 392 392]]
[[244 287  43  43]
 [143 298  38  38]
 [305 281  36  36]
 [150 260  39  39]
 [382 283  39  39]
 [623 362  43  43]
 [271 381  49  49]
 [731 420  48  48]]
[[304 101 340 340]]
[[318  37 175 175]
 [340 371  51  51]]
()
[[267 108 277 277]]
()
[[ 44 521  65  65]]
[[485  60 261 261]
 [291  71 213 213]]
()
[[339 238  58  58]]
[[201 317 328 328]]
[[494 155 116 116]
 [ 38  79 147 147]]
[[374 130 232 232]]
[[171 184 445 445]]
[[452 142 125 125]]
[[491 174 134 134]]
[[411 502  65  65]
 [388  30  59  59]
 [242 715  64  64]
 [242 738  68  68]]
()
[[959 201  49  49]
 [386 130 239 239]]
[[ 37 575 178 178]]
[[426 109 210 210]]
[[395 143  57  57]
 [839 194  53  53]
 [160 131  80  80]]
[[406  27 249 249]]
[[308  49 506 506]]
[[236 427  41  41]]
[[611 191 107 107]]
()
[[306 231 104 104]
 [428 250 101 101]]
[[115 173  37  37]
 [486 178  38  38]
 [431 188  39  39]
 [783 198  38  38]
 [681 199  39  39]
 [619 286  71  71]
 [680 383 109 109]
 [819 574  89  89]]
[[ 93 200  40  40]
 [346 662  61  61]
 [356 150  96  96]
 [269 173  89  89]]
[[ 57 239  54  54]
 [336 265 589 589]]
[[901 275  85  85]]
[[148 194 123 123]
 [306 175 156 156]
 [209 328 170 170]]
[[450 394  61  61]
 [310 298  76  76]
 [536 326  68  68]
 [587 115  65  65]]
()
[[376 312 147 147]]
[[296 268  73  73]
 [774 311  61  61]
 [236 346  64  64]
 [441 393  66  66]]
[[456  42 114 114]
 [246 143 112 112]
 [636 194 101 101]
 [ 17 364  63  63]]
[[450  95 112 112]]
[[337 167  91  91]
 [121 871  58  58]]
[[638  65  79  79]]
[[334 265 139 139]]
[[489 176 304 304]
 [205 269 316 316]
 [157 680  58  58]]
[[ 89 160 655 655]]
[[562 330  49  49]
 [564 592  92  92]
 [268 700  55  55]]
[[556 112 258 258]
 [162 225 211 211]
 [143 790  58  58]]
[[181 200 118 118]]
[[155 224 275 275]]
[[214  10 100 100]]
[[647 341  38  38]
 [464 404  54  54]]
[[102 154 222 222]
 [128 323 189 189]]
[[217  79 148 148]
 [629 138 154 154]]
[[306 175 132 132]]
[[275 233 435 435]
 [ 76 752  58  58]]
()
[[333 158  81  81]]
[[578 143  49  49]
 [543  95  42  42]
 [437  96  46  46]
 [256 130  39  39]
 [378 105  39  39]
 [704 111  52  52]
 [291 172  50  50]
 [502 136  50  50]
 [426 190  51  51]
 [189 145  49  49]
 [353 160  50  50]
 [282 316  49  49]
 [654 303  50  50]
 [580 311  53  53]
 [503 292  54  54]
 [718 298  52  52]
 [332 303  51  51]
 [416 287  59  59]
 [201 293  62  62]]
[[400 394  60  60]]
[[224  76 149 149]
 [568 256  88  88]
 [564 354  53  53]
 [630 116 147 147]]
[[475 349  47  47]]
[[251 305  42  42]
 [603 241  35  35]
 [958 415  60  60]
 [892 625  39  39]
 [680   6 214 214]]
[[254 234 310 310]
 [ 34 642 108 108]
 [ 18 593 118 118]
 [500 812 189 189]]
[[419 715  54  54]]
[[332 139 363 363]]
[[544 223  87  87]
 [325 371  84  84]]
[[933 217  42  42]
 [930  61  56  56]
 [ 57 355  86  86]]
[[791 310 106 106]
 [294 462  60  60]
 [282 543 102 102]]
[[595 279  81  81]
 [299 189 103 103]]
[[541 151 110 110]
 [  5 290  78  78]]
[[498 230  56  56]]
()
[[292 378  56  56]
 [498 148  51  51]
 [293 175  59  59]
 [ 12 633  56  56]
 [158 136  63  63]]
[[337  66 123 123]
 [202 438  52  52]]
[[863 162  99  99]]
[[610 137 195 195]
 [263 224 147 147]
 [375 708  54  54]]
[[691 379 136 136]]
[[367  35  58  58]
 [634 412  52  52]
 [368 190  60  60]
 [460 101 127 127]
 [149 112 130 130]
 [714 139 136 136]
 [557 165 125 125]]
[[280 195  99  99]]
[[564 584  41  41]
 [591 575  60  60]
 [538 448 119 119]]
[[187 556 105 105]]
[[443 115 282 282]]
[[238 222 223 223]]
[[908 263  50  50]
 [318 170  46  46]
 [684 243  64  64]
 [799 156  74  74]
 [708 134  69  69]
 [312 114  72  72]
 [753 269  86  86]
 [432 206  65  65]
 [622 111  69  69]
 [448  97  76  76]
 [ 78 174  69  69]
 [507 206  75  75]
 [185 140  75  75]
 [245 213  75  75]
 [600 225  82  82]
 [641 361  81  81]
 [467 365  84  84]
 [947 394  66  66]
 [ 78 519  53  53]
 [275 423  83  83]
 [ 19 561  60  60]]
[[356 125 212 212]
 [155 147 237 237]
 [257 877  74  74]]
()
[[546 468 229 229]]
[[324 394  60  60]]
()
()
()
[[411 126 144 144]
 [698 367 174 174]]
()
[[118 184 182 182]]
[[134 191  82  82]
 [783 195  91  91]
 [501 162 107 107]
 [519 295 180 180]
 [724 426  65  65]]
[[544  52 263 263]
 [109 130 190 190]]
[[896 636  46  46]]
()
()
[[519 643  59  59]
 [189 735  61  61]
 [311 191 120 120]
 [424 148 175 175]]
[[456 140  89  89]]
()
[[373 270  55  55]
 [314 238  65  65]
 [526 197  76  76]]
[[464 236  96  96]
 [197 250  97  97]
 [327 310  91  91]]
[[370 242  74  74]
 [297  94 213 213]
 [477 749  67  67]
 [424 747  73  73]]
[[665 111 146 146]
 [132 248 120 120]]
[[668 509  63  63]
 [ 50 157 243 243]]
[[327 368  71  71]
 [131 336  66  66]]
[[666 216 153 153]
 [549 432 137 137]]
()
[[193 166 370 370]]
[[778 376  50  50]
 [765 338  56  56]
 [566 325  74  74]
 [316 240 176 176]
 [505 218 268 268]]
[[147 352 278 278]]
[[373 185 155 155]
 [ 31 395  39  39]
 [597 348 193 193]]
()
()
[[780  48  50  50]]
[[691  97  48  48]
 [477 265  61  61]]
[[337 189  78  78]
 [ 45 205 153 153]]
[[383 290  58  58]]
[[154 220 393 393]]
[[854 304  56  56]
 [638 354  50  50]
 [591 433  62  62]
 [913 505  58  58]]
[[323 459  48  48]
 [531 426  57  57]
 [ 67 446  94  94]]
[[351  70  96  96]
 [ 85 504  44  44]
 [167 466  58  58]]
()
[[226 130 253 253]
 [284 240 199 199]]
[[645 265  79  79]
 [128 340  71  71]
 [876 365  83  83]
 [351 466  65  65]]
()
[[635 246  67  67]
 [413 258  63  63]
 [302 277  75  75]
 [521 282  74  74]
 [106 306  93  93]
 [720 268  79  79]]
()
[[382 240 187 187]
 [139  94 205 205]]
[[731 498  62  62]]
[[317 143 136 136]
 [425 182 114 114]]
[[117 194  69  69]
 [517  90 130 130]
 [851 541  90  90]]
[[184 155 219 219]]
[[731 228 144 144]
 [688 448  56  56]]
[[450  95  82  82]]
()
()
[[528 175 171 171]
 [749 438 115 115]]
[[173 231 424 424]]
[[737  52 110 110]
 [251 209 212 212]
 [142 519 134 134]]
[[327  12 377 377]
 [665  62 320 320]
 [ 29 332 187 187]]
[[464 197 103 103]]
()
[[125 208 455 455]
 [265 728 158 158]]
()
[[474 388  68  68]]
()
[[258 131  42  42]
 [889 195  43  43]
 [543 249  89  89]]
[[590 232  68  68]
 [579 157  92  92]]
[[213 676 116 116]]
[[ 54 534  61  61]]
[[557 184 286 286]]
()
[[735 630  88  88]]
[[258  69 149 149]
 [557  71 139 139]]
[[500 188 226 226]
 [865 549  74  74]
 [592 593  78  78]]
[[209  14 291 291]]
[[542 410  76  76]
 [367 483 148 148]]
[[333 102  41  41]
 [460 276  77  77]
 [431 478  80  80]
 [368 234  91  91]
 [312 375 123 123]
 [490 354 129 129]]
()
[[735 311  72  72]
 [854 284  93  93]
 [610 571  55  55]
 [728 721  45  45]
 [153   4 142 142]]
[[580 128  67  67]
 [586 358 119 119]]
[[520 127  61  61]
 [318 140 100 100]]
[[346 209 213 213]
 [622 136 308 308]
 [ 55 324 182 182]]
[[249 121 201 201]]
[[629 413  53  53]
 [203 327 101 101]]
[[801 154  57  57]
 [277 249 147 147]]
[[551 213  35  35]
 [417 266  36  36]
 [711 189  40  40]
 [690 237  44  44]
 [759 217  36  36]
 [595 268  42  42]
 [267 220  36  36]
 [490 197  37  37]
 [167 238  48  48]
 [344 242  43  43]
 [238 262  47  47]
 [535 245  70  70]
 [298 531  52  52]]
[[426  83 113 113]
 [676 110 102 102]
 [232 101 117 117]]
[[356 203 356 356]]
[[408 119 188 188]
 [510 380 121 121]]
[[66 12 54 54]]
[[319 133 259 259]]
[[118 119  95  95]
 [345 259  87  87]]
[[172 130 457 457]]
[[550 344  37  37]
 [253 395  37  37]
 [348 472  60  60]
 [528 459  71  71]]
[[591 246 140 140]
 [304 335  61  61]
 [115 445 154 154]
 [294 406 171 171]]
[[361  87 140 140]]
[[812 336  56  56]
 [583 221  58  58]
 [555 340  88  88]
 [823 405 115 115]
 [833 499  97  97]]
[[588 311  64  64]
 [639 816  51  51]]
[[119 392  71  71]]
()
[[210 110  63  63]]
[[800 214  73  73]
 [355 178  99  99]
 [670 222  69  69]]
[[163  42 550 550]]
[[344 363  35  35]]
[[ 72 115 269 269]
 [606 263 273 273]
 [387 377 162 162]]
()
[[815 141  77  77]
 [346 209  65  65]
 [203 238  72  72]]
()
[[321 291  48  48]
 [935 162  85  85]
 [233 336  56  56]
 [812 340  62  62]
 [853 389  63  63]]
[[238 160 334 334]]
[[952 224  52  52]
 [888 253  64  64]
 [661 607  53  53]
 [137 316 167 167]]
[[246 205  37  37]
 [ 93 118  53  53]
 [159 175  58  58]
 [189 271  55  55]
 [734 246 103 103]
 [371 219  86  86]
 [351 113 122 122]
 [810 258 112 112]
 [107 315 185 185]]
[[ 50 123 337 337]]
[[329 458  76  76]
 [ 70 486  65  65]]
[[689 214  55  55]
 [421 273  53  53]
 [193 291  55  55]
 [329 258  77  77]
 [598 226  61  61]
 [233 259  68  68]
 [339 374  39  39]]
[[181  73 134 134]]
[[171 188 132 132]
 [728 181 170 170]]
[[908  96  71  71]]
[[749  31  54  54]
 [744 320  75  75]
 [668 298  79  79]
 [711 681 239 239]]
[[138  97 123 123]
 [484 123 111 111]
 [753 416  55  55]
 [751 173 119 119]]
()
[[363  39  85  85]
 [657 212 109 109]
 [218 426  86  86]]
[[475 277  90  90]]
[[227 162 119 119]]
[[218 590  53  53]
 [319 387  84  84]]
[[871 356  56  56]
 [367 100 266 266]
 [175 350  94  94]]
[[412 423  37  37]
 [794 150 122 122]
 [639 151 139 139]
 [187 165  94  94]
 [451 170 116 116]
 [305 198 104 104]
 [269 637  84  84]]
()
[[108 190 143 143]]
[[219 389 142 142]]
[[125 432 138 138]]
[[601 130  54  54]
 [312 134  62  62]
 [264 862  54  54]
 [221 195 112 112]]
[[561 108 166 166]
 [261 130 175 175]
 [598 338 205 205]]
[[426 145 171 171]
 [267 199  98  98]
 [582 317 308 308]
 [193 497 118 118]]
()
[[738 332  55  55]]
[[702 561 120 120]]
[[601 233  64  64]]
()
()
()
[[404 144 254 254]]
[[201 202 136 136]
 [457 415  57  57]
 [514 537  67  67]]
[[306 415 202 202]]
[[175 539  57  57]]
()
()
[[371 125 155 155]
 [261 181 184 184]
 [472 227 169 169]]
[[207 166 298 298]]
()
[[196 368  63  63]]
()
[[347 324 133 133]]
()
[[813 396  45  45]
 [687 244  80  80]
 [379  13 117 117]]
[[ 46 544  58  58]
 [199 196 146 146]]
()
[[794 586  68  68]]
[[136  74  91  91]
 [458  84  92  92]
 [774 115 103 103]]
()
()
[[337 528  63  63]]
[[658 262  70  70]]
[[545 288 173 173]]
[[481  94 237 237]]
()
[[304 209 192 192]]
[[936 326  57  57]
 [149  67 231 231]
 [598  99 233 233]]
[[371 156  84  84]
 [631 226 100 100]]
[[198 125 383 383]]
[[206  23  68  68]
 [902 235  77  77]
 [952 484  37  37]
 [206 380  82  82]]
()
[[517 506  56  56]
 [370 521  98  98]]
[[846 200  48  48]
 [726 198  61  61]
 [159 175  66  66]
 [356 167  90  90]
 [497 232  97  97]]
[[244 431  77  77]]
[[503 309  69  69]
 [407 366  61  61]
 [293 203  95  95]]
[[215 276 202 202]]
[[643 136 162 162]
 [187 255 182 182]]
[[311 168  56  56]
 [287 129 104 104]]
[[283 170  73  73]
 [812 219  64  64]
 [666 250  55  55]
 [662 193  68  68]
 [477 136  81  81]
 [221 180  96  96]]
()
[[430 314  97  97]
 [490 439  62  62]]
[[709  15  68  68]
 [578 309  75  75]
 [585 282  86  86]
 [189 285 123 123]
 [463  96 181 181]
 [358 150 165 165]]
[[336 536  82  82]]
[[455 407  84  84]]
[[168 132 339 339]
 [ 90 555 285 285]]
[[216 603  60  60]]
[[206  80 208 208]
 [526 122 193 193]]
[[458 180  76  76]
 [861 231 131 131]
 [646 305  95  95]]
[[770 543  56  56]]
()
[[518 206  51  51]
 [436 254  59  59]
 [681 274  59  59]
 [616 195  61  61]
 [388 126  74  74]
 [720 164  65  65]
 [490  56  70  70]
 [522  54 138 138]]
[[ 71 147  96  96]]
()
[[275 164 177 177]
 [641 318 112 112]]
[[246 164  62  62]
 [328 156 102 102]
 [109 412  62  62]]
[[680 242 157 157]
 [313 258 205 205]]
()
[[604 337 133 133]]
()
[[253 454  57  57]
 [495 524  77  77]
 [165 498  83  83]
 [351 751  96  96]]
()
[[259 120 213 213]
 [308 283 167 167]
 [484 412 187 187]]
[[327 330 112 112]
 [236  73 146 146]]
[[297  86 138 138]
 [698 125 136 136]]
()
[[230 165  91  91]
 [436 111 186 186]
 [223 111 176 176]]
[[290  93  77  77]
 [172 255 304 304]]
[[491 259 273 273]]
[[ 66 306  65  65]
 [232 481  66  66]
 [287 562  58  58]
 [ 59 237 108 108]
 [218 786  38  38]
 [ 72 134 107 107]]
[[442 461  68  68]
 [223 286 153 153]]
[[419 609  95  95]]
[[344 100 339 339]]
[[220 180 182 182]]
()
[[687 435  55  55]
 [ 51 617  54  54]
 [339 273  71  71]]
[[777  91 182 182]
 [296 108 207 207]
 [203 165  68  68]]
[[142 105  54  54]
 [459 144  65  65]
 [516  83  61  61]
 [686 206  67  67]
 [839 197  77  77]
 [630 183  62  62]
 [347 165  57  57]
 [530 172  60  60]
 [320 237  64  64]
 [368 322  66  66]
 [234 171  65  65]
 [621 316  74  74]
 [207  16  59  59]
 [225 230  95  95]
 [918 398 100 100]
 [743 554 135 135]]
[[ 57  68  58  58]
 [326 124 398 398]
 [ 10 331  89  89]]
[[398   5  55  55]
 [372 256 134 134]
 [504  60 183 183]]
[[485 358  52  52]
 [231 385  64  64]
 [482 268  70  70]
 [112 949  55  55]]
[[429  38 192 192]
 [579 215 208 208]]
[[652 121 154 154]
 [303 259 142 142]
 [157 281 150 150]
 [918 293  76  76]
 [488 284  80  80]]
()
[[876 101  93  93]
 [607 241 197 197]
 [139 271 317 317]]
[[560 166  51  51]
 [779 110 187 187]
 [103 148 171 171]]
()
[[342 143 343 343]
 [304 435 124 124]
 [463 452 178 178]]
[[318 243 108 108]
 [125 311 105 105]
 [730 147 171 171]
 [502 231 107 107]]
[[137 467  66  66]
 [ 95 306 316 316]]
[[258 277  80  80]
 [400 254 228 228]]
[[857 272  81  81]
 [801 480  92  92]]
[[403 170 138 138]
 [252 319  96  96]
 [238 217 124 124]]
[[117 249 137 137]
 [117 355 117 117]]
()
[[326 216 252 252]]
[[807 287  62  62]
 [372 168  56  56]
 [605 593  50  50]]
[[501 133 209 209]
 [126 160 243 243]
 [263 722  47  47]]
[[177 534  55  55]
 [102 326  67  67]
 [153 169 167 167]
 [352 480 126 126]]
[[113  53 426 426]]
[[832  70 149 149]
 [589 142 144 144]
 [396 109 145 145]]
[[689 310  90  90]
 [602 313  90  90]]
()
()
()
[[149 613  51  51]]
[[ 56 216 550 550]]
[[309 260 130 130]]
[[356  77  99  99]
 [555 129  93  93]
 [102 198 114 114]
 [759 174 119 119]]
[[295 276  64  64]
 [475 128 102 102]
 [294 324 172 172]
 [289 545  53  53]]
[[475 190  63  63]
 [708 186  66  66]
 [203 195  92  92]]
[[545 134 114 114]
 [537 180  91  91]
 [438 591  90  90]]
[[386 240  56  56]
 [444 686 228 228]]
[[414 307  70  70]]
[[550 169 283 283]
 [391 403  65  65]]
()
[[611 309  46  46]
 [712 316  49  49]
 [151 439  56  56]]
[[231 485 121 121]
 [464 290 129 129]
 [ 30 397 114 114]]
[[457 107 277 277]
 [ 61 454 116 116]]
()
[[584 119 156 156]]
[[546 148  74  74]
 [256 373  55  55]
 [346 188  88  88]
 [821 178 105 105]
 [243 396  77  77]]
[[168 651  68  68]]
[[306 541  94  94]]
[[151 240 342 342]]
[[455 350 111 111]
 [ 84 400 107 107]]
[[182 228 247 247]]
[[124  24  68  68]
 [512 274  35  35]
 [277  71  66  66]
 [752  87  70  70]
 [622  87  71  71]
 [745 302  77  77]
 [432 317  72  72]
 [247 274  86  86]]
[[334 283  94  94]
 [132 311  96  96]
 [205 819  80  80]]
()
[[851 292  59  59]]
()
[[254 304  66  66]]
[[563 457 251 251]]
()
[[349 101  54  54]
 [691 106  50  50]
 [650 135  50  50]
 [465  56  48  48]
 [569  62  50  50]
 [490 144  48  48]
 [566 138  54  54]
 [282  91  54  54]
 [198  98  60  60]
 [818 101  55  55]
 [880  71  53  53]
 [744 109  54  54]
 [409 120  56  56]
 [ 94  25  60  60]]
[[336 207 382 382]
 [173 507  98  98]]
()
[[238 242 385 385]
 [548 269 336 336]
 [ 35 395 112 112]]
()
[[266 221  92  92]
 [478  49 229 229]
 [697 241  96  96]
 [813 485  90  90]
 [564 649  77  77]
 [163 531 227 227]]
()
[[657 469  78  78]]
[[ 75  14 101 101]]
[[140 286  96  96]]
[[133 289  46  46]]
[[557 233  88  88]
 [ 95 225 128 128]]
()
()
()
[[211 512  54  54]]
[[361 180  95  95]
 [518 200  87  87]]
()
()
[[174  97 128 128]]
[[155 162  93  93]
 [676 502  99  99]]
[[553 139  51  51]
 [354 114  58  58]
 [224 129  55  55]
 [457 134  53  53]
 [788  60  58  58]
 [669 145  59  59]
 [114 153  63  63]]
[[535  51  60  60]
 [ 49  31  76  76]
 [296  48  95  95]
 [638  91  96  96]
 [896  53  77  77]]
()
[[355  96 276 276]
 [611 406  55  55]]
[[501 164  76  76]]
[[215 221 377 377]]
[[133 131 265 265]]
()
()
[[335 186 204 204]
 [125 216 216 216]]
[[381 335  76  76]
 [447 402  72  72]
 [557 408  67  67]]
[[357 292  46  46]
 [676 248  36  36]
 [478 270  55  55]
 [656 302  59  59]
 [479 420  63  63]]
[[323 426 368 368]]
[[553 383  44  44]
 [705 412  62  62]
 [213 503  61  61]
 [950 486  61  61]
 [447 470  67  67]
 [778 437  93  93]]
[[321 148  57  57]
 [400 141  53  53]
 [647 120  62  62]
 [572 149  53  53]
 [500 133  57  57]
 [376 459  83  83]]
[[645 153  62  62]
 [395 260  64  64]
 [443 166  83  83]]
[[315 231 401 401]]
[[371 162  51  51]
 [ 86 110  79  79]
 [799 131  65  65]
 [354  68 103 103]
 [466 139  77  77]
 [214 199 112 112]
 [521 294 124 124]]
[[ 78 661 100 100]]
[[512 398  57  57]
 [202 409  66  66]
 [134 117  67  67]
 [595 106  69  69]
 [431 110  69  69]
 [451 684  57  57]
 [136 674  63  63]
 [282 112  81  81]
 [600 666  71  71]
 [281 677  76  76]]
[[ 21 173 355 355]]
[[251 225 274 274]
 [617 854  63  63]]
[[287 279 136 136]]
[[324 360  97  97]]
[[432 186  83  83]]
[[856 223  66  66]
 [116 275  65  65]
 [929 174  89  89]
 [474 106  98  98]
 [287 245  90  90]
 [220 337  84  84]
 [130 385  94  94]
 [564 393 128 128]
 [363 276 267 267]]
[[146 257 167 167]]
[[484  26 150 150]]
[[275 225 238 238]]
[[534 933  56  56]]
()
()
[[200 249 234 234]
 [244 381 142 142]]
[[184 264 594 594]
 [935 593  59  59]]
[[ 17 236  86  86]
 [335 150 122 122]]
()
[[393 136  69  69]
 [426 208 173 173]]
[[300 227 117 117]
 [131 754  63  63]]
()
[[252 161 135 135]
 [384 249 123 123]
 [726 234 130 130]
 [600 273 116 116]
 [169 282 135 135]
 [811 284 135 135]]
[[377 312 147 147]
 [512 331 152 152]]
[[962 156  60  60]
 [722 226  84  84]
 [245 114  98  98]
 [566 164  91  91]
 [857 391  86  86]
 [768 511  57  57]
 [684 337  83  83]
 [559 373  98  98]
 [251 353 145 145]
 [387 357  98  98]]
()
[[534 114 135 135]
 [593 285 115 115]
 [712 311 175 175]]
()
[[574 578  56  56]]
[[757  58 108 108]
 [171  94  88  88]
 [427 123  98  98]
 [228 212 114 114]]
()
()
[[204 152 204 204]]
()
[[606 117  52  52]
 [812 404  43  43]
 [899 442  48  48]
 [604 422 148 148]]
[[667 201  61  61]
 [611 203  62  62]
 [673 253  62  62]
 [383 597  56  56]
 [186 567  69  69]]
[[547 358  82  82]]
()
[[458 473  60  60]
 [302 243 129 129]
 [218 489 169 169]]
()
[[221  61 143 143]]
()
[[608 208  52  52]
 [915 147  84  84]
 [596 467  76  76]]
[[109 138 460 460]]
[[289 346  48  48]
 [ 23 309  53  53]
 [598 377  60  60]]
()
()
[[436 320  53  53]]
[[342 147 274 274]]
[[223 132 100 100]
 [413  38 122 122]]
()
[[607 230 102 102]]
()
[[324 186 159 159]]
[[328 206 231 231]]
()
[[ 36 281 112 112]
 [609 125 121 121]]
[[408 194 253 253]]
[[505 718  50  50]
 [374 411 151 151]]
[[143 696 102 102]]
[[370  25  61  61]
 [ 77 110 152 152]
 [277  48 100 100]
 [448 351  89  89]]
[[351 105  51  51]
 [626 415  63  63]
 [698 372 117 117]]
[[255 104 115 115]
 [175 399  62  62]]
()
()
()
[[345 670  84  84]
 [244 300 322 322]]
[[204 282 102 102]]
[[390  59  47  47]
 [333  76  42  42]
 [263 914  38  38]]
[[349 352 110 110]]
[[437 326  98  98]]
()
[[180 152 265 265]]
()
()
[[271  85 116 116]
 [609 165  93  93]]
[[345 155  60  60]
 [452 123  56  56]
 [447 184  53  53]
 [595 123  60  60]
 [202 115  60  60]]
[[477 293  86  86]]
[[291 118 138 138]]
[[108 195  60  60]]
()
()
[[382  71 291 291]
 [398 182 192 192]]
[[251 377 112 112]
 [479 798  75  75]]
[[ 99 287  59  59]
 [680 362  61  61]
 [344 346  84  84]
 [507 300 115 115]]
[[563 263 125 125]
 [474 703  53  53]]
[[293 292  94  94]
 [298  65 203 203]
 [ 78 256 181 181]]
()
[[372  59  82  82]]
[[679 476  76  76]]
[[416 265 150 150]]
[[596  51  87  87]]
[[114 325  66  66]
 [535 413  43  43]]
[[574 273 161 161]
 [233 334 163 163]]
()
()
[[363 268  68  68]
 [713 486  66  66]
 [458 507  71  71]
 [678 510  63  63]
 [279 541 152 152]]
()
[[255 273  47  47]
 [232  63  43  43]
 [ 52 387  52  52]
 [654  82  43  43]
 [639 334  49  49]
 [533 287  44  44]
 [592 311  48  48]
 [671 212  48  48]
 [105 266  52  52]
 [523 379  62  62]
 [ 84 206  49  49]
 [251 396  51  51]
 [151 440  51  51]
 [ 71 499  59  59]
 [ 17 503  67  67]
 [496 582  50  50]
 [259 467  52  52]
 [588 439  53  53]
 [102 465  58  58]
 [202 368  60  60]
 [271 140  55  55]
 [489 350  55  55]
 [683 531  61  61]
 [570 370  53  53]
 [156 624  64  64]
 [ 98 637  56  56]
 [ 63  38 154 154]
 [ 67 705  59  59]]
[[530 134  79  79]
 [755 146  76  76]
 [696 130  80  80]
 [305 106 110 110]
 [152 117 116 116]]
[[318 412  87  87]
 [233 255 130 130]]
()
()
[[345  74 217 217]
 [659 110 337 337]
 [ 34 179 199 199]]
[[411  75  62  62]
 [615 191  62  62]
 [491 269 120 120]
 [304 385 144 144]]
[[186 277  85  85]
 [ 56 469  72  72]]
[[931 441  43  43]
 [139 281 106 106]]
[[560 178  48  48]
 [533 169  72  72]]
[[332 307  54  54]
 [330 326  53  53]
 [338 286  55  55]
 [339 263  60  60]
 [890 574  80  80]
 [754 601 120 120]]
[[918 334  40  40]
 [136 234  70  70]
 [499 148  92  92]]
()
[[489 142 134 134]]
[[583  64 375 375]
 [100 132 306 306]
 [ 90 595 294 294]
 [590 682 313 313]]
()
()
()
[[953 139  38  38]]
()
()
[[273  99 124 124]
 [576  60 114 114]
 [209 495 158 158]]
[[644 132 167 167]
 [443 230 241 241]
 [609 663 269 269]]
()
()
[[310 535 299 299]]
()
[[334 283 302 302]
 [559 193 292 292]]
[[463 266 183 183]]
()
[[591 261  34  34]
 [369 142  76  76]]
()
[[688   2 130 130]]
()
[[365 154 294 294]]
[[493 261 165 165]]
[[354 174  73  73]
 [827  24  90  90]
 [263 131  85  85]]
[[565 240  68  68]]
[[556  80  95  95]
 [845 119 101 101]
 [875 293  97  97]
 [559 276 101 101]
 [348 295 104 104]
 [677 437  65  65]
 [442 398  91  91]
 [897 448  94  94]
 [597 555  53  53]
 [661 400  86  86]
 [575 637  72  72]]
()
()
[[927 141  54  54]
 [764 363  55  55]
 [345 105  52  52]
 [503 105  53  53]
 [193 111  52  52]
 [776 137  54  54]
 [918 360  61  61]]
[[379 182 343 343]]
[[392  92  59  59]
 [624  72  89  89]]
[[299 100 258 258]]
()
[[660 131 126 126]]
()
[[253 624  60  60]]
[[528 520  74  74]]
[[592 319  79  79]
 [380 244  92  92]
 [736 235  92  92]
 [271 255  99  99]
 [484 268  87  87]]
[[418 158  92  92]]
[[377 143 184 184]
 [  2 370  61  61]
 [667 211 180 180]]
[[345 150 322 322]
 [451 546 130 130]]
()
[[413  89 296 296]
 [180 584  89  89]]
[[932 256  49  49]
 [676 263  61  61]
 [801 232 106 106]]
[[611 168 334 334]
 [803 558  80  80]]
()
()
[[382 367  62  62]
 [ 98 231 111 111]
 [672 410  79  79]]
()
[[589 438 162 162]]
[[163 785  63  63]]
[[394 246  88  88]
 [393  68 127 127]
 [509 181 118 118]]
()
()
[[502 560  80  80]]
[[  7 489  52  52]]
()
[[450 149 142 142]]
[[554 179  57  57]
 [357 643  54  54]]
[[185 102 216 216]]
[[579 387  85  85]
 [885 474 121 121]]
[[365 179 149 149]]
[[366 223 148 148]]
[[399 101 115 115]
 [619 133 136 136]
 [334 316 111 111]
 [595  55 164 164]]
()
[[551 149 209 209]
 [264 258 183 183]
 [260 425 148 148]]
[[ 95 538  58  58]]
[[439 488  62  62]]
()
[[  6 230  59  59]]
[[416 179 107 107]
 [ 69 378 141 141]]
()
[[660 154  42  42]
 [788 163  45  45]
 [ 65 187  42  42]
 [702 239  38  38]
 [591 282  57  57]
 [494 320  54  54]
 [ 39 241  44  44]
 [817 238  47  47]
 [402 281  55  55]
 [942 272  51  51]
 [426 235  44  44]
 [553 227  55  55]
 [664 314  60  60]
 [750 318  55  55]]
[[719 108 125 125]
 [718 459  37  37]
 [172 320 203 203]]
[[230 124 339 339]
 [221 568 239 239]]
()
[[302 224  56  56]
 [631 223  56  56]]
[[509 147  50  50]
 [525  71 122 122]]
[[760 196 140 140]
 [328 190 169 169]]
[[165 183 116 116]
 [272 183 149 149]]
()
[[740 137  88  88]
 [619 145  96  96]]
[[454 245 187 187]
 [298 258 212 212]]
()
[[373 247  79  79]
 [446 749  57  57]
 [331 292  70  70]]
[[336  59  36  36]]
[[ 82 243  65  65]
 [243 149 208 208]]
[[314 317  55  55]]
[[220 349 114 114]
 [665 581  52  52]]
[[ 96 164 171 171]
 [261 308 190 190]
 [491 220 179 179]
 [662 437 159 159]
 [546 656 154 154]]
[[ 21 598  67  67]
 [496 604  54  54]]
[[188 261 295 295]]
[[414 210 433 433]
 [216  92 125 125]]
[[722 417  67  67]]
[[ 82 114 427 427]
 [744 482  50  50]]
[[133 156 111 111]]
[[326  78 119 119]
 [670  93 105 105]
 [674 389  72  72]]
[[167 278  56  56]]
()
[[270  97  59  59]
 [150  95  63  63]
 [202 135  75  75]
 [337 158  75  75]
 [323 277 103 103]
 [401  95  69  69]
 [354 104  64  64]
 [139 443 105 105]]
()
[[863 234  55  55]
 [596 454  83  83]]
()
[[245 254 214 214]]
[[457 396  38  38]
 [532 419  54  54]
 [273 316  77  77]]
[[303 154  88  88]
 [478 196  90  90]]
[[130 421 140 140]]
[[383   7  64  64]
 [773 186 173 173]]
()
[[842  99  79  79]
 [703 346 112 112]]
()
[[ 96 338  78  78]]
[[583  45 228 228]
 [211 176 185 185]]
()
[[458 297  51  51]
 [393 316  56  56]
 [399 358  61  61]]
[[334 109 106 106]
 [121 594  55  55]
 [211  83 113 113]
 [353 808  50  50]]
[[724 262  49  49]
 [334  55 106 106]
 [283 135 139 139]
 [808 230  74  74]
 [924 276  60  60]]
()
[[615 716  56  56]]
[[605 602  74  74]
 [151  53 492 492]]
[[163  88  33  33]
 [191 116  34  34]
 [ 45 170  45  45]
 [274 132  33  33]
 [355 139  34  34]
 [306 154  53  53]
 [417 164  37  37]
 [580 170  40  40]
 [862 243  42  42]
 [513 179  34  34]
 [366 258  49  49]
 [187 169  45  45]
 [976 315  45  45]
 [807 337  66  66]
 [  8 296  52  52]
 [  7 261  54  54]
 [224 226  58  58]
 [648 223  53  53]
 [675 350  61  61]
 [211 218  89  89]
 [471 298  97  97]]
[[552 193  88  88]
 [546 539  87  87]]
[[ 63 589  58  58]
 [356 205  93  93]]
()
[[608 143 135 135]
 [  3 493  70  70]]
[[194 119  56  56]]
[[ 51 224 559 559]]
[[240 324  58  58]]
[[ 51 148 533 533]]
[[757 119 139 139]]
[[  9 308  53  53]
 [483  76  99  99]
 [219 449  37  37]]
[[577 311  61  61]
 [298  61 100 100]
 [403 224  80  80]
 [430 359 137 137]]
()
[[276 314 149 149]
 [366 460 217 217]
 [ 50 820  60  60]]
()
()
[[ 57 408  76  76]]
()
()
[[683 295  87  87]]
[[596 274 178 178]
 [680 584  63  63]
 [378 324 147 147]]
()
()
()
[[348 261  75  75]]
[[429  18 111 111]]
[[456 360 102 102]
 [173 394  98  98]
 [386 479 111 111]]
()
()
[[219 915  63  63]
 [172 115 109 109]]
[[751  64  81  81]]
[[100  15 351 351]]
[[265 370 138 138]
 [212 442 191 191]]
[[278 185 204 204]]
[[486 252 134 134]]
[[353  97 418 418]]
[[371 394  61  61]
 [242 144 231 231]
 [ 48 610 140 140]]
[[719 387  54  54]
 [568 402 352 352]]
()
[[491 118  42  42]
 [110  11  59  59]
 [746 208  65  65]
 [317 128  63  63]
 [  6 270 125 125]
 [810 257 167 167]]
[[532 564  62  62]
 [297 183 164 164]
 [  4 122 137 137]]
()
()
[[248 220  59  59]
 [103 158  62  62]
 [ 28  49  93  93]
 [894 105 111 111]
 [432  53 134 134]
 [650 160 104 104]
 [ 63 104 121 121]
 [936   1  82  82]]
[[ 30 470 236 236]
 [308 450 353 353]]
[[136 183  57  57]
 [313  93 207 207]
 [516 141 172 172]]
[[242 309  76  76]]
()
[[830 503  37  37]
 [345 618  55  55]
 [812 575  60  60]]
[[529  59  57  57]
 [607 149  50  50]
 [615  67  52  52]
 [229 575 104 104]
 [731 448 105 105]]
[[432 187 210 210]
 [156 160 244 244]]
[[530 211  55  55]
 [627 153  82  82]]
[[919 208  93  93]
 [793 158 115 115]
 [196 530  75  75]]
[[278 414 144 144]]
[[363 171 309 309]]
[[293 520  59  59]
 [268  98  99  99]
 [192 734  95  95]]
()
[[476 319 133 133]]
[[370  92 230 230]]
[[783 704  58  58]]
[[215 226  74  74]]
[[279  21 568 568]]
[[637 262  40  40]
 [884 226  50  50]
 [312 204  62  62]
 [277 261  60  60]]
[[515 311 108 108]
 [267  54  93  93]
 [805  76 136 136]
 [152 434 101 101]]
[[114 256  58  58]
 [330 222  64  64]
 [365 498  69  69]
 [213 278  61  61]
 [293 496  68  68]
 [455 128 181 181]]
[[364 165 165 165]
 [646  88 166 166]
 [ 82 187 182 182]]
[[547 274 314 314]]
[[508 329  51  51]
 [ 79 390  70  70]
 [378 585  67  67]
 [ 13 525  53  53]
 [235 249 207 207]
 [ 21 918  38  38]
 [224 509 103 103]]
[[320 521  56  56]]
